################################################################################
# Copyright (c) 2010, 2024 Contributors to the Eclipse Foundation
#
# See the NOTICE file(s) distributed with this work for additional
# information regarding copyright ownership.
#
# This program and the accompanying materials are made available under the terms
# of the MIT License which is available at https://opensource.org/licenses/MIT
#
# SPDX-License-Identifier: MIT
################################################################################

0.000000	0.000000
0.010000	0.000006
0.020000	0.000025
0.030000	0.000055
0.040000	0.000098
0.050000	0.000152
0.060000	0.000218
0.070000	0.000296
0.080000	0.000384
0.090000	0.000484
0.100000	0.000595
0.110000	0.000716
0.120000	0.000848
0.130000	0.000990
0.140000	0.001142
0.150000	0.001305
0.160000	0.001477
0.170000	0.001659
0.180000	0.001851
0.190000	0.002052
0.200000	0.002262
0.210000	0.002482
0.220000	0.002710
0.230000	0.002947
0.240000	0.003193
0.250000	0.003447
0.260000	0.003710
0.270000	0.003981
0.280000	0.004260
0.290000	0.004547
0.300000	0.004841
0.310000	0.005144
0.320000	0.005454
0.330000	0.005771
0.340000	0.006095
0.350000	0.006427
0.360000	0.006766
0.370000	0.007111
0.380000	0.007463
0.390000	0.007822
0.400000	0.008187
0.410000	0.008559
0.420000	0.008937
0.430000	0.009321
0.440000	0.009710
0.450000	0.010106
0.460000	0.010508
0.470000	0.010915
0.480000	0.011327
0.490000	0.011745
0.500000	0.012169
0.510000	0.012597
0.520000	0.013031
0.530000	0.013469
0.540000	0.013913
0.550000	0.014361
0.560000	0.014813
0.570000	0.015271
0.580000	0.015732
0.590000	0.016198
0.600000	0.016668
0.610000	0.017143
0.620000	0.017621
0.630000	0.018103
0.640000	0.018589
0.650000	0.019079
0.660000	0.019573
0.670000	0.020070
0.680000	0.020570
0.690000	0.021074
0.700000	0.021581
0.710000	0.022091
0.720000	0.022605
0.730000	0.023121
0.740000	0.023640
0.750000	0.024163
0.760000	0.024687
0.770000	0.025215
0.780000	0.025745
0.790000	0.026278
0.800000	0.026813
0.810000	0.027350
0.820000	0.027890
0.830000	0.028432
0.840000	0.028976
0.850000	0.029522
0.860000	0.030070
0.870000	0.030620
0.880000	0.031171
0.890000	0.031725
0.900000	0.032280
0.910000	0.032837
0.920000	0.033395
0.930000	0.033955
0.940000	0.034516
0.950000	0.035078
0.960000	0.035642
0.970000	0.036207
0.980000	0.036773
0.990000	0.037340
1.000000	0.037908
1.010000	0.038477
1.020000	0.039047
1.030000	0.039618
1.040000	0.040190
1.050000	0.040762
1.060000	0.041335
1.070000	0.041908
1.080000	0.042482
1.090000	0.043057
1.100000	0.043632
1.110000	0.044207
1.120000	0.044783
1.130000	0.045359
1.140000	0.045935
1.150000	0.046511
1.160000	0.047087
1.170000	0.047664
1.180000	0.048240
1.190000	0.048817
1.200000	0.049393
1.210000	0.049969
1.220000	0.050545
1.230000	0.051121
1.240000	0.051696
1.250000	0.052272
1.260000	0.052846
1.270000	0.053421
1.280000	0.053995
1.290000	0.054568
1.300000	0.055141
1.310000	0.055713
1.320000	0.056285
1.330000	0.056856
1.340000	0.057426
1.350000	0.057996
1.360000	0.058565
1.370000	0.059133
1.380000	0.059700
1.390000	0.060266
1.400000	0.060832
1.410000	0.061396
1.420000	0.061959
1.430000	0.062522
1.440000	0.063083
1.450000	0.063643
1.460000	0.064202
1.470000	0.064760
1.480000	0.065317
1.490000	0.065872
1.500000	0.066427
1.510000	0.066979
1.520000	0.067531
1.530000	0.068081
1.540000	0.068630
1.550000	0.069178
1.560000	0.069724
1.570000	0.070268
1.580000	0.070811
1.590000	0.071353
1.600000	0.071893
1.610000	0.072431
1.620000	0.072968
1.630000	0.073503
1.640000	0.074037
1.650000	0.074568
1.660000	0.075099
1.670000	0.075627
1.680000	0.076154
1.690000	0.076679
1.700000	0.077202
1.710000	0.077723
1.720000	0.078243
1.730000	0.078760
1.740000	0.079276
1.750000	0.079790
1.760000	0.080302
1.770000	0.080812
1.780000	0.081320
1.790000	0.081826
1.800000	0.082330
1.810000	0.082832
1.820000	0.083333
1.830000	0.083831
1.840000	0.084327
1.850000	0.084821
1.860000	0.085312
1.870000	0.085802
1.880000	0.086290
1.890000	0.086775
1.900000	0.087258
1.910000	0.087740
1.920000	0.088219
1.930000	0.088695
1.940000	0.089170
1.950000	0.089642
1.960000	0.090112
1.970000	0.090580
1.980000	0.091046
1.990000	0.091509
2.000000	0.091970
2.010000	0.092429
2.020000	0.092885
2.030000	0.093339
2.040000	0.093791
2.050000	0.094240
2.060000	0.094687
2.070000	0.095132
2.080000	0.095574
2.090000	0.096014
2.100000	0.096452
2.110000	0.096887
2.120000	0.097319
2.130000	0.097750
2.140000	0.098178
2.150000	0.098603
2.160000	0.099026
2.170000	0.099447
2.180000	0.099865
2.190000	0.100280
2.200000	0.100694
2.210000	0.101104
2.220000	0.101512
2.230000	0.101918
2.240000	0.102321
2.250000	0.102722
2.260000	0.103120
2.270000	0.103516
2.280000	0.103909
2.290000	0.104300
2.300000	0.104688
2.310000	0.105074
2.320000	0.105457
2.330000	0.105837
2.340000	0.106215
2.350000	0.106591
2.360000	0.106964
2.370000	0.107334
2.380000	0.107702
2.390000	0.108067
2.400000	0.108430
2.410000	0.108790
2.420000	0.109148
2.430000	0.109503
2.440000	0.109855
2.450000	0.110205
2.460000	0.110552
2.470000	0.110897
2.480000	0.111239
2.490000	0.111579
2.500000	0.111916
2.510000	0.112250
2.520000	0.112582
2.530000	0.112912
2.540000	0.113238
2.550000	0.113562
2.560000	0.113884
2.570000	0.114203
2.580000	0.114520
2.590000	0.114833
2.600000	0.115145
2.610000	0.115453
2.620000	0.115760
2.630000	0.116063
2.640000	0.116364
2.650000	0.116663
2.660000	0.116958
2.670000	0.117252
2.680000	0.117543
2.690000	0.117831
2.700000	0.118116
2.710000	0.118399
2.720000	0.118680
2.730000	0.118958
2.740000	0.119233
2.750000	0.119506
2.760000	0.119777
2.770000	0.120044
2.780000	0.120310
2.790000	0.120572
2.800000	0.120833
2.810000	0.121090
2.820000	0.121345
2.830000	0.121598
2.840000	0.121848
2.850000	0.122096
2.860000	0.122341
2.870000	0.122583
2.880000	0.122823
2.890000	0.123061
2.900000	0.123296
2.910000	0.123529
2.920000	0.123759
2.930000	0.123986
2.940000	0.124211
2.950000	0.124434
2.960000	0.124654
2.970000	0.124872
2.980000	0.125087
2.990000	0.125300
3.000000	0.125511
3.010000	0.125719
3.020000	0.125924
3.030000	0.126127
3.040000	0.126328
3.050000	0.126526
3.060000	0.126722
3.070000	0.126916
3.080000	0.127107
3.090000	0.127295
3.100000	0.127481
3.110000	0.127665
3.120000	0.127847
3.130000	0.128026
3.140000	0.128203
3.150000	0.128377
3.160000	0.128549
3.170000	0.128719
3.180000	0.128886
3.190000	0.129051
3.200000	0.129214
3.210000	0.129374
3.220000	0.129532
3.230000	0.129688
3.240000	0.129841
3.250000	0.129992
3.260000	0.130141
3.270000	0.130288
3.280000	0.130432
3.290000	0.130574
3.300000	0.130714
3.310000	0.130851
3.320000	0.130987
3.330000	0.131120
3.340000	0.131251
3.350000	0.131379
3.360000	0.131505
3.370000	0.131630
3.380000	0.131752
3.390000	0.131871
3.400000	0.131989
3.410000	0.132104
3.420000	0.132217
3.430000	0.132328
3.440000	0.132437
3.450000	0.132544
3.460000	0.132649
3.470000	0.132751
3.480000	0.132851
3.490000	0.132950
3.500000	0.133046
3.510000	0.133140
3.520000	0.133232
3.530000	0.133321
3.540000	0.133409
3.550000	0.133495
3.560000	0.133578
3.570000	0.133660
3.580000	0.133739
3.590000	0.133817
3.600000	0.133892
3.610000	0.133965
3.620000	0.134037
3.630000	0.134106
3.640000	0.134174
3.650000	0.134239
3.660000	0.134302
3.670000	0.134364
3.680000	0.134423
3.690000	0.134481
3.700000	0.134536
3.710000	0.134590
3.720000	0.134641
3.730000	0.134691
3.740000	0.134739
3.750000	0.134785
3.760000	0.134829
3.770000	0.134871
3.780000	0.134911
3.790000	0.134949
3.800000	0.134986
3.810000	0.135020
3.820000	0.135053
3.830000	0.135084
3.840000	0.135113
3.850000	0.135140
3.860000	0.135166
3.870000	0.135189
3.880000	0.135211
3.890000	0.135231
3.900000	0.135249
3.910000	0.135266
3.920000	0.135280
3.930000	0.135293
3.940000	0.135305
3.950000	0.135314
3.960000	0.135322
3.970000	0.135328
3.980000	0.135332
3.990000	0.135334
4.000000	0.135335
4.010000	0.135334
4.020000	0.135332
4.030000	0.135328
4.040000	0.135322
4.050000	0.135314
4.060000	0.135305
4.070000	0.135294
4.080000	0.135282
4.090000	0.135268
4.100000	0.135252
4.110000	0.135235
4.120000	0.135216
4.130000	0.135195
4.140000	0.135173
4.150000	0.135150
4.160000	0.135125
4.170000	0.135098
4.180000	0.135069
4.190000	0.135040
4.200000	0.135008
4.210000	0.134975
4.220000	0.134941
4.230000	0.134905
4.240000	0.134868
4.250000	0.134829
4.260000	0.134788
4.270000	0.134746
4.280000	0.134703
4.290000	0.134658
4.300000	0.134612
4.310000	0.134564
4.320000	0.134515
4.330000	0.134465
4.340000	0.134413
4.350000	0.134359
4.360000	0.134305
4.370000	0.134249
4.380000	0.134191
4.390000	0.134132
4.400000	0.134072
4.410000	0.134010
4.420000	0.133947
4.430000	0.133883
4.440000	0.133817
4.450000	0.133750
4.460000	0.133682
4.470000	0.133612
4.480000	0.133542
4.490000	0.133469
4.500000	0.133396
4.510000	0.133321
4.520000	0.133245
4.530000	0.133168
4.540000	0.133089
4.550000	0.133010
4.560000	0.132929
4.570000	0.132846
4.580000	0.132763
4.590000	0.132678
4.600000	0.132592
4.610000	0.132505
4.620000	0.132417
4.630000	0.132328
4.640000	0.132237
4.650000	0.132145
4.660000	0.132052
4.670000	0.131958
4.680000	0.131863
4.690000	0.131767
4.700000	0.131669
4.710000	0.131570
4.720000	0.131471
4.730000	0.131370
4.740000	0.131268
4.750000	0.131165
4.760000	0.131061
4.770000	0.130956
4.780000	0.130849
4.790000	0.130742
4.800000	0.130634
4.810000	0.130524
4.820000	0.130414
4.830000	0.130303
4.840000	0.130190
4.850000	0.130077
4.860000	0.129962
4.870000	0.129847
4.880000	0.129730
4.890000	0.129613
4.900000	0.129494
4.910000	0.129375
4.920000	0.129255
4.930000	0.129133
4.940000	0.129011
4.950000	0.128888
4.960000	0.128764
4.970000	0.128639
4.980000	0.128513
4.990000	0.128386
5.000000	0.128258
5.010000	0.128129
5.020000	0.128000
5.030000	0.127869
5.040000	0.127738
5.050000	0.127605
5.060000	0.127472
5.070000	0.127338
5.080000	0.127204
5.090000	0.127068
5.100000	0.126932
5.110000	0.126794
5.120000	0.126656
5.130000	0.126517
5.140000	0.126377
5.150000	0.126237
5.160000	0.126096
5.170000	0.125953
5.180000	0.125810
5.190000	0.125667
5.200000	0.125522
5.210000	0.125377
5.220000	0.125231
5.230000	0.125084
5.240000	0.124937
5.250000	0.124789
5.260000	0.124640
5.270000	0.124490
5.280000	0.124340
5.290000	0.124189
5.300000	0.124037
5.310000	0.123885
5.320000	0.123731
5.330000	0.123578
5.340000	0.123423
5.350000	0.123268
5.360000	0.123112
5.370000	0.122955
5.380000	0.122798
5.390000	0.122641
5.400000	0.122482
5.410000	0.122323
5.420000	0.122163
5.430000	0.122003
5.440000	0.121842
5.450000	0.121680
5.460000	0.121518
5.470000	0.121355
5.480000	0.121192
5.490000	0.121028
5.500000	0.120864
5.510000	0.120699
5.520000	0.120533
5.530000	0.120367
5.540000	0.120200
5.550000	0.120032
5.560000	0.119865
5.570000	0.119696
5.580000	0.119527
5.590000	0.119358
5.600000	0.119188
5.610000	0.119017
5.620000	0.118846
5.630000	0.118675
5.640000	0.118503
5.650000	0.118330
5.660000	0.118157
5.670000	0.117984
5.680000	0.117810
5.690000	0.117635
5.700000	0.117460
5.710000	0.117285
5.720000	0.117109
5.730000	0.116933
5.740000	0.116756
5.750000	0.116579
5.760000	0.116401
5.770000	0.116223
5.780000	0.116045
5.790000	0.115866
5.800000	0.115686
5.810000	0.115507
5.820000	0.115326
5.830000	0.115146
5.840000	0.114965
5.850000	0.114784
5.860000	0.114602
5.870000	0.114420
5.880000	0.114238
5.890000	0.114055
5.900000	0.113872
5.910000	0.113688
5.920000	0.113504
5.930000	0.113320
5.940000	0.113135
5.950000	0.112950
5.960000	0.112765
5.970000	0.112580
5.980000	0.112394
5.990000	0.112207
6.000000	0.112021
6.010000	0.111834
6.020000	0.111647
6.030000	0.111459
6.040000	0.111272
6.050000	0.111084
6.060000	0.110895
6.070000	0.110707
6.080000	0.110518
6.090000	0.110329
6.100000	0.110139
6.110000	0.109949
6.120000	0.109759
6.130000	0.109569
6.140000	0.109379
6.150000	0.109188
6.160000	0.108997
6.170000	0.108806
6.180000	0.108614
6.190000	0.108423
6.200000	0.108231
6.210000	0.108039
6.220000	0.107846
6.230000	0.107654
6.240000	0.107461
6.250000	0.107268
6.260000	0.107075
6.270000	0.106881
6.280000	0.106688
6.290000	0.106494
6.300000	0.106300
6.310000	0.106106
6.320000	0.105912
6.330000	0.105717
6.340000	0.105522
6.350000	0.105328
6.360000	0.105133
6.370000	0.104938
6.380000	0.104742
6.390000	0.104547
6.400000	0.104351
6.410000	0.104156
6.420000	0.103960
6.430000	0.103764
6.440000	0.103568
6.450000	0.103371
6.460000	0.103175
6.470000	0.102978
6.480000	0.102782
6.490000	0.102585
6.500000	0.102388
6.510000	0.102191
6.520000	0.101994
6.530000	0.101797
6.540000	0.101600
6.550000	0.101402
6.560000	0.101205
6.570000	0.101007
6.580000	0.100810
6.590000	0.100612
6.600000	0.100414
6.610000	0.100217
6.620000	0.100019
6.630000	0.099821
6.640000	0.099623
6.650000	0.099425
6.660000	0.099227
6.670000	0.099028
6.680000	0.098830
6.690000	0.098632
6.700000	0.098434
6.710000	0.098235
6.720000	0.098037
6.730000	0.097838
6.740000	0.097640
6.750000	0.097441
6.760000	0.097243
6.770000	0.097044
6.780000	0.096846
6.790000	0.096647
6.800000	0.096449
6.810000	0.096250
6.820000	0.096052
6.830000	0.095853
6.840000	0.095654
6.850000	0.095456
6.860000	0.095257
6.870000	0.095059
6.880000	0.094860
6.890000	0.094662
6.900000	0.094463
6.910000	0.094265
6.920000	0.094066
6.930000	0.093868
6.940000	0.093669
6.950000	0.093471
6.960000	0.093273
6.970000	0.093074
6.980000	0.092876
6.990000	0.092678
7.000000	0.092479
7.010000	0.092281
7.020000	0.092083
7.030000	0.091885
7.040000	0.091687
7.050000	0.091489
7.060000	0.091291
7.070000	0.091094
7.080000	0.090896
7.090000	0.090698
7.100000	0.090501
7.110000	0.090303
7.120000	0.090106
7.130000	0.089908
7.140000	0.089711
7.150000	0.089514
7.160000	0.089317
7.170000	0.089119
7.180000	0.088923
7.190000	0.088726
7.200000	0.088529
7.210000	0.088332
7.220000	0.088136
7.230000	0.087939
7.240000	0.087743
7.250000	0.087546
7.260000	0.087350
7.270000	0.087154
7.280000	0.086958
7.290000	0.086762
7.300000	0.086567
7.310000	0.086371
7.320000	0.086176
7.330000	0.085980
7.340000	0.085785
7.350000	0.085590
7.360000	0.085395
7.370000	0.085200
7.380000	0.085005
7.390000	0.084811
7.400000	0.084616
7.410000	0.084422
7.420000	0.084228
7.430000	0.084034
7.440000	0.083840
7.450000	0.083646
7.460000	0.083452
7.470000	0.083259
7.480000	0.083066
7.490000	0.082873
7.500000	0.082680
7.510000	0.082487
7.520000	0.082294
7.530000	0.082102
7.540000	0.081909
7.550000	0.081717
7.560000	0.081525
7.570000	0.081333
7.580000	0.081141
7.590000	0.080950
7.600000	0.080758
7.610000	0.080567
7.620000	0.080376
7.630000	0.080185
7.640000	0.079995
7.650000	0.079804
7.660000	0.079614
7.670000	0.079424
7.680000	0.079234
7.690000	0.079044
7.700000	0.078855
7.710000	0.078665
7.720000	0.078476
7.730000	0.078287
7.740000	0.078098
7.750000	0.077910
7.760000	0.077721
7.770000	0.077533
7.780000	0.077345
7.790000	0.077157
7.800000	0.076970
7.810000	0.076782
7.820000	0.076595
7.830000	0.076408
7.840000	0.076222
7.850000	0.076035
7.860000	0.075849
7.870000	0.075663
7.880000	0.075477
7.890000	0.075291
7.900000	0.075105
7.910000	0.074920
7.920000	0.074735
7.930000	0.074550
7.940000	0.074366
7.950000	0.074181
7.960000	0.073997
7.970000	0.073813
7.980000	0.073629
7.990000	0.073446
8.000000	0.073263
8.010000	0.073080
8.020000	0.072897
8.030000	0.072714
8.040000	0.072532
8.050000	0.072350
8.060000	0.072168
8.070000	0.071986
8.080000	0.071805
8.090000	0.071624
8.100000	0.071443
8.110000	0.071262
8.120000	0.071081
8.130000	0.070901
8.140000	0.070721
8.150000	0.070542
8.160000	0.070362
8.170000	0.070183
8.180000	0.070004
8.190000	0.069825
8.200000	0.069647
8.210000	0.069468
8.220000	0.069290
8.230000	0.069113
8.240000	0.068935
8.250000	0.068758
8.260000	0.068581
8.270000	0.068404
8.280000	0.068228
8.290000	0.068052
8.300000	0.067876
8.310000	0.067700
8.320000	0.067525
8.330000	0.067349
8.340000	0.067174
8.350000	0.067000
8.360000	0.066825
8.370000	0.066651
8.380000	0.066477
8.390000	0.066304
8.400000	0.066130
8.410000	0.065957
8.420000	0.065785
8.430000	0.065612
8.440000	0.065440
8.450000	0.065268
8.460000	0.065096
8.470000	0.064925
8.480000	0.064753
8.490000	0.064583
8.500000	0.064412
8.510000	0.064242
8.520000	0.064071
8.530000	0.063902
8.540000	0.063732
8.550000	0.063563
8.560000	0.063394
8.570000	0.063225
8.580000	0.063057
8.590000	0.062889
8.600000	0.062721
8.610000	0.062553
8.620000	0.062386
8.630000	0.062219
8.640000	0.062052
8.650000	0.061885
8.660000	0.061719
8.670000	0.061553
8.680000	0.061388
8.690000	0.061222
8.700000	0.061057
8.710000	0.060893
8.720000	0.060728
8.730000	0.060564
8.740000	0.060400
8.750000	0.060236
8.760000	0.060073
8.770000	0.059910
8.780000	0.059747
8.790000	0.059585
8.800000	0.059422
8.810000	0.059260
8.820000	0.059099
8.830000	0.058937
8.840000	0.058776
8.850000	0.058616
8.860000	0.058455
8.870000	0.058295
8.880000	0.058135
8.890000	0.057976
8.900000	0.057816
8.910000	0.057657
8.920000	0.057498
8.930000	0.057340
8.940000	0.057182
8.950000	0.057024
8.960000	0.056867
8.970000	0.056709
8.980000	0.056552
8.990000	0.056396
9.000000	0.056239
9.010000	0.056083
9.020000	0.055927
9.030000	0.055772
9.040000	0.055617
9.050000	0.055462
9.060000	0.055307
9.070000	0.055153
9.080000	0.054999
9.090000	0.054845
9.100000	0.054692
9.110000	0.054539
9.120000	0.054386
9.130000	0.054233
9.140000	0.054081
9.150000	0.053929
9.160000	0.053778
9.170000	0.053626
9.180000	0.053475
9.190000	0.053325
9.200000	0.053174
9.210000	0.053024
9.220000	0.052874
9.230000	0.052725
9.240000	0.052576
9.250000	0.052427
9.260000	0.052278
9.270000	0.052130
9.280000	0.051982
9.290000	0.051834
9.300000	0.051686
9.310000	0.051539
9.320000	0.051392
9.330000	0.051246
9.340000	0.051100
9.350000	0.050954
9.360000	0.050808
9.370000	0.050663
9.380000	0.050518
9.390000	0.050373
9.400000	0.050229
9.410000	0.050085
9.420000	0.049941
9.430000	0.049797
9.440000	0.049654
9.450000	0.049511
9.460000	0.049368
9.470000	0.049226
9.480000	0.049084
9.490000	0.048942
9.500000	0.048801
9.510000	0.048660
9.520000	0.048519
9.530000	0.048379
9.540000	0.048238
9.550000	0.048098
9.560000	0.047959
9.570000	0.047819
9.580000	0.047680
9.590000	0.047542
9.600000	0.047403
9.610000	0.047265
9.620000	0.047127
9.630000	0.046990
9.640000	0.046853
9.650000	0.046716
9.660000	0.046579
9.670000	0.046443
9.680000	0.046307
9.690000	0.046171
9.700000	0.046036
9.710000	0.045901
9.720000	0.045766
9.730000	0.045631
9.740000	0.045497
9.750000	0.045363
9.760000	0.045230
9.770000	0.045096
9.780000	0.044963
9.790000	0.044831
9.800000	0.044698
9.810000	0.044566
9.820000	0.044434
9.830000	0.044303
9.840000	0.044171
9.850000	0.044040
9.860000	0.043910
9.870000	0.043780
9.880000	0.043649
9.890000	0.043520
9.900000	0.043390
9.910000	0.043261
9.920000	0.043132
9.930000	0.043004
9.940000	0.042876
9.950000	0.042748
9.960000	0.042620
9.970000	0.042493
9.980000	0.042365
9.990000	0.042239
10.000000	0.042112
10.010000	0.041986
10.020000	0.041860
10.030000	0.041734
10.040000	0.041609
10.050000	0.041484
10.060000	0.041359
10.070000	0.041235
10.080000	0.041111
10.090000	0.040987
10.100000	0.040864
10.110000	0.040740
10.120000	0.040617
10.130000	0.040495
10.140000	0.040372
10.150000	0.040250
10.160000	0.040128
10.170000	0.040007
10.180000	0.039886
10.190000	0.039765
10.200000	0.039644
10.210000	0.039524
10.220000	0.039404
10.230000	0.039284
10.240000	0.039164
10.250000	0.039045
10.260000	0.038926
10.270000	0.038808
10.280000	0.038689
10.290000	0.038571
10.300000	0.038454
10.310000	0.038336
10.320000	0.038219
10.330000	0.038102
10.340000	0.037986
10.350000	0.037869
10.360000	0.037753
10.370000	0.037637
10.380000	0.037522
10.390000	0.037407
10.400000	0.037292
10.410000	0.037177
10.420000	0.037063
10.430000	0.036949
10.440000	0.036835
10.450000	0.036722
10.460000	0.036609
10.470000	0.036496
10.480000	0.036383
10.490000	0.036271
10.500000	0.036159
10.510000	0.036047
10.520000	0.035935
10.530000	0.035824
10.540000	0.035713
10.550000	0.035603
10.560000	0.035492
10.570000	0.035382
10.580000	0.035272
10.590000	0.035163
10.600000	0.035053
10.610000	0.034944
10.620000	0.034836
10.630000	0.034727
10.640000	0.034619
10.650000	0.034511
10.660000	0.034404
10.670000	0.034296
10.680000	0.034189
10.690000	0.034082
10.700000	0.033976
10.710000	0.033870
10.720000	0.033764
10.730000	0.033658
10.740000	0.033553
10.750000	0.033448
10.760000	0.033343
10.770000	0.033238
10.780000	0.033134
10.790000	0.033030
10.800000	0.032926
10.810000	0.032822
10.820000	0.032719
10.830000	0.032616
10.840000	0.032513
10.850000	0.032411
10.860000	0.032309
10.870000	0.032207
10.880000	0.032105
10.890000	0.032004
10.900000	0.031903
10.910000	0.031802
10.920000	0.031701
10.930000	0.031601
10.940000	0.031501
10.950000	0.031401
10.960000	0.031302
10.970000	0.031202
10.980000	0.031103
10.990000	0.031005
11.000000	0.030906
11.010000	0.030808
11.020000	0.030710
11.030000	0.030612
11.040000	0.030515
11.050000	0.030418
11.060000	0.030321
11.070000	0.030224
11.080000	0.030128
11.090000	0.030032
11.100000	0.029936
11.110000	0.029840
11.120000	0.029745
11.130000	0.029650
11.140000	0.029555
11.150000	0.029460
11.160000	0.029366
11.170000	0.029272
11.180000	0.029178
11.190000	0.029085
11.200000	0.028991
11.210000	0.028898
11.220000	0.028805
11.230000	0.028713
11.240000	0.028621
11.250000	0.028528
11.260000	0.028437
11.270000	0.028345
11.280000	0.028254
11.290000	0.028163
11.300000	0.028072
11.310000	0.027981
11.320000	0.027891
11.330000	0.027801
11.340000	0.027711
11.350000	0.027622
11.360000	0.027532
11.370000	0.027443
11.380000	0.027355
11.390000	0.027266
11.400000	0.027178
11.410000	0.027090
11.420000	0.027002
11.430000	0.026914
11.440000	0.026827
11.450000	0.026740
11.460000	0.026653
11.470000	0.026566
11.480000	0.026480
11.490000	0.026394
11.500000	0.026308
11.510000	0.026222
11.520000	0.026137
11.530000	0.026051
11.540000	0.025966
11.550000	0.025882
11.560000	0.025797
11.570000	0.025713
11.580000	0.025629
11.590000	0.025545
11.600000	0.025462
11.610000	0.025378
11.620000	0.025295
11.630000	0.025213
11.640000	0.025130
11.650000	0.025048
11.660000	0.024966
11.670000	0.024884
11.680000	0.024802
11.690000	0.024721
11.700000	0.024639
11.710000	0.024558
11.720000	0.024478
11.730000	0.024397
11.740000	0.024317
11.750000	0.024237
11.760000	0.024157
11.770000	0.024077
11.780000	0.023998
11.790000	0.023919
11.800000	0.023840
11.810000	0.023761
11.820000	0.023683
11.830000	0.023605
11.840000	0.023527
11.850000	0.023449
11.860000	0.023371
11.870000	0.023294
11.880000	0.023217
11.890000	0.023140
11.900000	0.023063
11.910000	0.022987
11.920000	0.022911
11.930000	0.022835
11.940000	0.022759
11.950000	0.022683
11.960000	0.022608
11.970000	0.022533
11.980000	0.022458
11.990000	0.022383
12.000000	0.022309
12.010000	0.022235
12.020000	0.022160
12.030000	0.022087
12.040000	0.022013
12.050000	0.021940
12.060000	0.021866
12.070000	0.021794
12.080000	0.021721
12.090000	0.021648
12.100000	0.021576
12.110000	0.021504
12.120000	0.021432
12.130000	0.021360
12.140000	0.021289
12.150000	0.021217
12.160000	0.021146
12.170000	0.021076
12.180000	0.021005
12.190000	0.020934
12.200000	0.020864
12.210000	0.020794
12.220000	0.020724
12.230000	0.020655
12.240000	0.020585
12.250000	0.020516
12.260000	0.020447
12.270000	0.020379
12.280000	0.020310
12.290000	0.020242
12.300000	0.020173
12.310000	0.020105
12.320000	0.020038
12.330000	0.019970
12.340000	0.019903
12.350000	0.019836
12.360000	0.019769
12.370000	0.019702
12.380000	0.019635
12.390000	0.019569
12.400000	0.019503
12.410000	0.019437
12.420000	0.019371
12.430000	0.019306
12.440000	0.019240
12.450000	0.019175
12.460000	0.019110
12.470000	0.019045
12.480000	0.018981
12.490000	0.018916
12.500000	0.018852
12.510000	0.018788
12.520000	0.018724
12.530000	0.018661
12.540000	0.018597
12.550000	0.018534
12.560000	0.018471
12.570000	0.018408
12.580000	0.018345
12.590000	0.018283
12.600000	0.018221
12.610000	0.018159
12.620000	0.018097
12.630000	0.018035
12.640000	0.017974
12.650000	0.017912
12.660000	0.017851
12.670000	0.017790
12.680000	0.017729
12.690000	0.017669
12.700000	0.017608
12.710000	0.017548
12.720000	0.017488
12.730000	0.017428
12.740000	0.017369
12.750000	0.017309
12.760000	0.017250
12.770000	0.017191
12.780000	0.017132
12.790000	0.017073
12.800000	0.017014
12.810000	0.016956
12.820000	0.016898
12.830000	0.016840
12.840000	0.016782
12.850000	0.016724
12.860000	0.016667
12.870000	0.016609
12.880000	0.016552
12.890000	0.016495
12.900000	0.016438
12.910000	0.016382
12.920000	0.016325
12.930000	0.016269
12.940000	0.016213
12.950000	0.016157
12.960000	0.016101
12.970000	0.016046
12.980000	0.015990
12.990000	0.015935
13.000000	0.015880
13.010000	0.015825
13.020000	0.015770
13.030000	0.015716
13.040000	0.015662
13.050000	0.015607
13.060000	0.015553
13.070000	0.015499
13.080000	0.015446
13.090000	0.015392
13.100000	0.015339
13.110000	0.015286
13.120000	0.015233
13.130000	0.015180
13.140000	0.015127
13.150000	0.015075
13.160000	0.015022
13.170000	0.014970
13.180000	0.014918
13.190000	0.014866
13.200000	0.014814
13.210000	0.014763
13.220000	0.014711
13.230000	0.014660
13.240000	0.014609
13.250000	0.014558
13.260000	0.014508
13.270000	0.014457
13.280000	0.014407
13.290000	0.014356
13.300000	0.014306
13.310000	0.014256
13.320000	0.014207
13.330000	0.014157
13.340000	0.014107
13.350000	0.014058
13.360000	0.014009
13.370000	0.013960
13.380000	0.013911
13.390000	0.013862
13.400000	0.013814
13.410000	0.013766
13.420000	0.013717
13.430000	0.013669
13.440000	0.013621
13.450000	0.013574
13.460000	0.013526
13.470000	0.013479
13.480000	0.013431
13.490000	0.013384
13.500000	0.013337
13.510000	0.013290
13.520000	0.013243
13.530000	0.013197
13.540000	0.013151
13.550000	0.013104
13.560000	0.013058
13.570000	0.013012
13.580000	0.012966
13.590000	0.012921
13.600000	0.012875
13.610000	0.012830
13.620000	0.012785
13.630000	0.012740
13.640000	0.012695
13.650000	0.012650
13.660000	0.012605
13.670000	0.012561
13.680000	0.012516
13.690000	0.012472
13.700000	0.012428
13.710000	0.012384
13.720000	0.012340
13.730000	0.012297
13.740000	0.012253
13.750000	0.012210
13.760000	0.012167
13.770000	0.012124
13.780000	0.012081
13.790000	0.012038
13.800000	0.011995
13.810000	0.011953
13.820000	0.011910
13.830000	0.011868
13.840000	0.011826
13.850000	0.011784
13.860000	0.011742
13.870000	0.011700
13.880000	0.011659
13.890000	0.011617
13.900000	0.011576
13.910000	0.011535
13.920000	0.011494
13.930000	0.011453
13.940000	0.011412
13.950000	0.011372
13.960000	0.011331
13.970000	0.011291
13.980000	0.011251
13.990000	0.011211
14.000000	0.011171
14.010000	0.011131
14.020000	0.011091
14.030000	0.011051
14.040000	0.011012
14.050000	0.010973
14.060000	0.010934
14.070000	0.010894
14.080000	0.010856
14.090000	0.010817
14.100000	0.010778
14.110000	0.010740
14.120000	0.010701
14.130000	0.010663
14.140000	0.010625
14.150000	0.010587
14.160000	0.010549
14.170000	0.010511
14.180000	0.010473
14.190000	0.010436
14.200000	0.010398
14.210000	0.010361
14.220000	0.010324
14.230000	0.010287
14.240000	0.010250
14.250000	0.010213
14.260000	0.010177
14.270000	0.010140
14.280000	0.010104
14.290000	0.010067
14.300000	0.010031
14.310000	0.009995
14.320000	0.009959
14.330000	0.009923
14.340000	0.009888
14.350000	0.009852
14.360000	0.009816
14.370000	0.009781
14.380000	0.009746
14.390000	0.009711
14.400000	0.009676
14.410000	0.009641
14.420000	0.009606
14.430000	0.009571
14.440000	0.009537
14.450000	0.009503
14.460000	0.009468
14.470000	0.009434
14.480000	0.009400
14.490000	0.009366
14.500000	0.009332
14.510000	0.009298
14.520000	0.009265
14.530000	0.009231
14.540000	0.009198
14.550000	0.009165
14.560000	0.009131
14.570000	0.009098
14.580000	0.009065
14.590000	0.009033
14.600000	0.009000
14.610000	0.008967
14.620000	0.008935
14.630000	0.008902
14.640000	0.008870
14.650000	0.008838
14.660000	0.008806
14.670000	0.008774
14.680000	0.008742
14.690000	0.008710
14.700000	0.008679
14.710000	0.008647
14.720000	0.008616
14.730000	0.008584
14.740000	0.008553
14.750000	0.008522
14.760000	0.008491
14.770000	0.008460
14.780000	0.008429
14.790000	0.008399
14.800000	0.008368
14.810000	0.008338
14.820000	0.008307
14.830000	0.008277
14.840000	0.008247
14.850000	0.008217
14.860000	0.008187
14.870000	0.008157
14.880000	0.008127
14.890000	0.008097
14.900000	0.008068
14.910000	0.008038
14.920000	0.008009
14.930000	0.007980
14.940000	0.007951
14.950000	0.007922
14.960000	0.007893
14.970000	0.007864
14.980000	0.007835
14.990000	0.007806
15.000000	0.007778
15.010000	0.007749
15.020000	0.007721
15.030000	0.007693
15.040000	0.007664
15.050000	0.007636
15.060000	0.007608
15.070000	0.007580
15.080000	0.007553
15.090000	0.007525
15.100000	0.007497
15.110000	0.007470
15.120000	0.007442
15.130000	0.007415
15.140000	0.007388
15.150000	0.007361
15.160000	0.007334
15.170000	0.007307
15.180000	0.007280
15.190000	0.007253
15.200000	0.007227
15.210000	0.007200
15.220000	0.007173
15.230000	0.007147
15.240000	0.007121
15.250000	0.007095
15.260000	0.007068
15.270000	0.007042
15.280000	0.007016
15.290000	0.006991
15.300000	0.006965
15.310000	0.006939
15.320000	0.006914
15.330000	0.006888
15.340000	0.006863
15.350000	0.006837
15.360000	0.006812
15.370000	0.006787
15.380000	0.006762
15.390000	0.006737
15.400000	0.006712
15.410000	0.006687
15.420000	0.006663
15.430000	0.006638
15.440000	0.006613
15.450000	0.006589
15.460000	0.006565
15.470000	0.006540
15.480000	0.006516
15.490000	0.006492
15.500000	0.006468
15.510000	0.006444
15.520000	0.006420
15.530000	0.006396
15.540000	0.006373
15.550000	0.006349
15.560000	0.006325
15.570000	0.006302
15.580000	0.006279
15.590000	0.006255
15.600000	0.006232
15.610000	0.006209
15.620000	0.006186
15.630000	0.006163
15.640000	0.006140
15.650000	0.006117
15.660000	0.006094
15.670000	0.006072
15.680000	0.006049
15.690000	0.006027
15.700000	0.006004
15.710000	0.005982
15.720000	0.005960
15.730000	0.005938
15.740000	0.005916
15.750000	0.005893
15.760000	0.005872
15.770000	0.005850
15.780000	0.005828
15.790000	0.005806
15.800000	0.005785
15.810000	0.005763
15.820000	0.005741
15.830000	0.005720
15.840000	0.005699
15.850000	0.005677
15.860000	0.005656
15.870000	0.005635
15.880000	0.005614
15.890000	0.005593
15.900000	0.005572
15.910000	0.005551
15.920000	0.005531
15.930000	0.005510
15.940000	0.005489
15.950000	0.005469
15.960000	0.005448
15.970000	0.005428
15.980000	0.005408
15.990000	0.005388
16.000000	0.005367
16.010000	0.005347
16.020000	0.005327
16.030000	0.005307
16.040000	0.005287
16.050000	0.005268
16.060000	0.005248
16.070000	0.005228
16.080000	0.005209
16.090000	0.005189
16.100000	0.005170
16.110000	0.005150
16.120000	0.005131
16.130000	0.005112
16.140000	0.005092
16.150000	0.005073
16.160000	0.005054
16.170000	0.005035
16.180000	0.005016
16.190000	0.004998
16.200000	0.004979
16.210000	0.004960
16.220000	0.004941
16.230000	0.004923
16.240000	0.004904
16.250000	0.004886
16.260000	0.004868
16.270000	0.004849
16.280000	0.004831
16.290000	0.004813
16.300000	0.004795
16.310000	0.004777
16.320000	0.004759
16.330000	0.004741
16.340000	0.004723
16.350000	0.004705
16.360000	0.004687
16.370000	0.004670
16.380000	0.004652
16.390000	0.004634
16.400000	0.004617
16.410000	0.004600
16.420000	0.004582
16.430000	0.004565
16.440000	0.004548
16.450000	0.004530
16.460000	0.004513
16.470000	0.004496
16.480000	0.004479
16.490000	0.004462
16.500000	0.004445
16.510000	0.004429
16.520000	0.004412
16.530000	0.004395
16.540000	0.004379
16.550000	0.004362
16.560000	0.004346
16.570000	0.004329
16.580000	0.004313
16.590000	0.004296
16.600000	0.004280
16.610000	0.004264
16.620000	0.004248
16.630000	0.004232
16.640000	0.004216
16.650000	0.004200
16.660000	0.004184
16.670000	0.004168
16.680000	0.004152
16.690000	0.004136
16.700000	0.004121
16.710000	0.004105
16.720000	0.004089
16.730000	0.004074
16.740000	0.004058
16.750000	0.004043
16.760000	0.004028
16.770000	0.004012
16.780000	0.003997
16.790000	0.003982
16.800000	0.003967
16.810000	0.003952
16.820000	0.003937
16.830000	0.003922
16.840000	0.003907
16.850000	0.003892
16.860000	0.003877
16.870000	0.003862
16.880000	0.003848
16.890000	0.003833
16.900000	0.003818
16.910000	0.003804
16.920000	0.003789
16.930000	0.003775
16.940000	0.003760
16.950000	0.003746
16.960000	0.003732
16.970000	0.003718
16.980000	0.003703
16.990000	0.003689
17.000000	0.003675
17.010000	0.003661
17.020000	0.003647
17.030000	0.003633
17.040000	0.003619
17.050000	0.003606
17.060000	0.003592
17.070000	0.003578
17.080000	0.003564
17.090000	0.003551
17.100000	0.003537
17.110000	0.003524
17.120000	0.003510
17.130000	0.003497
17.140000	0.003483
17.150000	0.003470
17.160000	0.003457
17.170000	0.003444
17.180000	0.003430
17.190000	0.003417
17.200000	0.003404
17.210000	0.003391
17.220000	0.003378
17.230000	0.003365
17.240000	0.003352
17.250000	0.003339
17.260000	0.003327
17.270000	0.003314
17.280000	0.003301
17.290000	0.003288
17.300000	0.003276
17.310000	0.003263
17.320000	0.003251
17.330000	0.003238
17.340000	0.003226
17.350000	0.003213
17.360000	0.003201
17.370000	0.003189
17.380000	0.003177
17.390000	0.003164
17.400000	0.003152
17.410000	0.003140
17.420000	0.003128
17.430000	0.003116
17.440000	0.003104
17.450000	0.003092
17.460000	0.003080
17.470000	0.003068
17.480000	0.003057
17.490000	0.003045
17.500000	0.003033
17.510000	0.003021
17.520000	0.003010
17.530000	0.002998
17.540000	0.002987
17.550000	0.002975
17.560000	0.002964
17.570000	0.002952
17.580000	0.002941
17.590000	0.002929
17.600000	0.002918
17.610000	0.002907
17.620000	0.002896
17.630000	0.002885
17.640000	0.002873
17.650000	0.002862
17.660000	0.002851
17.670000	0.002840
17.680000	0.002829
17.690000	0.002818
17.700000	0.002808
17.710000	0.002797
17.720000	0.002786
17.730000	0.002775
17.740000	0.002764
17.750000	0.002754
17.760000	0.002743
17.770000	0.002732
17.780000	0.002722
17.790000	0.002711
17.800000	0.002701
17.810000	0.002690
17.820000	0.002680
17.830000	0.002670
17.840000	0.002659
17.850000	0.002649
17.860000	0.002639
17.870000	0.002628
17.880000	0.002618
17.890000	0.002608
17.900000	0.002598
17.910000	0.002588
17.920000	0.002578
17.930000	0.002568
17.940000	0.002558
17.950000	0.002548
17.960000	0.002538
17.970000	0.002528
17.980000	0.002519
17.990000	0.002509
18.000000	0.002499
18.010000	0.002489
18.020000	0.002480
18.030000	0.002470
18.040000	0.002460
18.050000	0.002451
18.060000	0.002441
18.070000	0.002432
18.080000	0.002422
18.090000	0.002413
18.100000	0.002404
18.110000	0.002394
18.120000	0.002385
18.130000	0.002376
18.140000	0.002366
18.150000	0.002357
18.160000	0.002348
18.170000	0.002339
18.180000	0.002330
18.190000	0.002321
18.200000	0.002312
18.210000	0.002303
18.220000	0.002294
18.230000	0.002285
18.240000	0.002276
18.250000	0.002267
18.260000	0.002258
18.270000	0.002249
18.280000	0.002241
18.290000	0.002232
18.300000	0.002223
18.310000	0.002215
18.320000	0.002206
18.330000	0.002197
18.340000	0.002189
18.350000	0.002180
18.360000	0.002172
18.370000	0.002163
18.380000	0.002155
18.390000	0.002146
18.400000	0.002138
18.410000	0.002130
18.420000	0.002121
18.430000	0.002113
18.440000	0.002105
18.450000	0.002097
18.460000	0.002088
18.470000	0.002080
18.480000	0.002072
18.490000	0.002064
18.500000	0.002056
18.510000	0.002048
18.520000	0.002040
18.530000	0.002032
18.540000	0.002024
18.550000	0.002016
18.560000	0.002008
18.570000	0.002000
18.580000	0.001992
18.590000	0.001985
18.600000	0.001977
18.610000	0.001969
18.620000	0.001961
18.630000	0.001954
18.640000	0.001946
18.650000	0.001938
18.660000	0.001931
18.670000	0.001923
18.680000	0.001916
18.690000	0.001908
18.700000	0.001901
18.710000	0.001893
18.720000	0.001886
18.730000	0.001878
18.740000	0.001871
18.750000	0.001864
18.760000	0.001856
18.770000	0.001849
18.780000	0.001842
18.790000	0.001835
18.800000	0.001827
18.810000	0.001820
18.820000	0.001813
18.830000	0.001806
18.840000	0.001799
18.850000	0.001792
18.860000	0.001785
18.870000	0.001778
18.880000	0.001771
18.890000	0.001764
18.900000	0.001757
18.910000	0.001750
18.920000	0.001743
18.930000	0.001736
18.940000	0.001729
18.950000	0.001722
18.960000	0.001716
18.970000	0.001709
18.980000	0.001702
18.990000	0.001696
19.000000	0.001689
19.010000	0.001682
19.020000	0.001676
19.030000	0.001669
19.040000	0.001662
19.050000	0.001656
19.060000	0.001649
19.070000	0.001643
19.080000	0.001636
19.090000	0.001630
19.100000	0.001623
19.110000	0.001617
19.120000	0.001611
19.130000	0.001604
19.140000	0.001598
19.150000	0.001592
19.160000	0.001585
19.170000	0.001579
19.180000	0.001573
19.190000	0.001567
19.200000	0.001560
19.210000	0.001554
19.220000	0.001548
19.230000	0.001542
19.240000	0.001536
19.250000	0.001530
19.260000	0.001524
19.270000	0.001518
19.280000	0.001512
19.290000	0.001506
19.300000	0.001500
19.310000	0.001494
19.320000	0.001488
19.330000	0.001482
19.340000	0.001476
19.350000	0.001470
19.360000	0.001465
19.370000	0.001459
19.380000	0.001453
19.390000	0.001447
19.400000	0.001442
19.410000	0.001436
19.420000	0.001430
19.430000	0.001424
19.440000	0.001419
19.450000	0.001413
19.460000	0.001408
19.470000	0.001402
19.480000	0.001396
19.490000	0.001391
19.500000	0.001385
19.510000	0.001380
19.520000	0.001374
19.530000	0.001369
19.540000	0.001364
19.550000	0.001358
19.560000	0.001353
19.570000	0.001347
19.580000	0.001342
19.590000	0.001337
19.600000	0.001331
19.610000	0.001326
19.620000	0.001321
19.630000	0.001316
19.640000	0.001310
19.650000	0.001305
19.660000	0.001300
19.670000	0.001295
19.680000	0.001290
19.690000	0.001285
19.700000	0.001279
19.710000	0.001274
19.720000	0.001269
19.730000	0.001264
19.740000	0.001259
19.750000	0.001254
19.760000	0.001249
19.770000	0.001244
19.780000	0.001239
19.790000	0.001234
19.800000	0.001229
19.810000	0.001225
19.820000	0.001220
19.830000	0.001215
19.840000	0.001210
19.850000	0.001205
19.860000	0.001200
19.870000	0.001196
19.880000	0.001191
19.890000	0.001186
19.900000	0.001181
19.910000	0.001177
19.920000	0.001172
19.930000	0.001167
19.940000	0.001163
19.950000	0.001158
19.960000	0.001153
19.970000	0.001149
19.980000	0.001144
19.990000	0.001140
