################################################################################
# Copyright (c) 2010, 2020 Contributors to the Eclipse Foundation
#
# See the NOTICE file(s) distributed with this work for additional
# information regarding copyright ownership.
#
# This program and the accompanying materials are made available under the terms
# of the MIT License which is available at https://opensource.org/licenses/MIT
#
# SPDX-License-Identifier: MIT
################################################################################

0.000000	0.500000
0.010000	0.497506
0.020000	0.495025
0.030000	0.492556
0.040000	0.490099
0.050000	0.487655
0.060000	0.485223
0.070000	0.482803
0.080000	0.480395
0.090000	0.477999
0.100000	0.475615
0.110000	0.473243
0.120000	0.470882
0.130000	0.468534
0.140000	0.466197
0.150000	0.463872
0.160000	0.461558
0.170000	0.459256
0.180000	0.456966
0.190000	0.454686
0.200000	0.452419
0.210000	0.450162
0.220000	0.447917
0.230000	0.445683
0.240000	0.443460
0.250000	0.441248
0.260000	0.439048
0.270000	0.436858
0.280000	0.434679
0.290000	0.432511
0.300000	0.430354
0.310000	0.428208
0.320000	0.426072
0.330000	0.423947
0.340000	0.421832
0.350000	0.419729
0.360000	0.417635
0.370000	0.415552
0.380000	0.413480
0.390000	0.411417
0.400000	0.409365
0.410000	0.407324
0.420000	0.405292
0.430000	0.403271
0.440000	0.401259
0.450000	0.399258
0.460000	0.397267
0.470000	0.395285
0.480000	0.393314
0.490000	0.391352
0.500000	0.389400
0.510000	0.387458
0.520000	0.385526
0.530000	0.383603
0.540000	0.381690
0.550000	0.379786
0.560000	0.377892
0.570000	0.376007
0.580000	0.374132
0.590000	0.372266
0.600000	0.370409
0.610000	0.368562
0.620000	0.366723
0.630000	0.364894
0.640000	0.363075
0.650000	0.361264
0.660000	0.359462
0.670000	0.357669
0.680000	0.355885
0.690000	0.354110
0.700000	0.352344
0.710000	0.350587
0.720000	0.348838
0.730000	0.347098
0.740000	0.345367
0.750000	0.343645
0.760000	0.341931
0.770000	0.340225
0.780000	0.338528
0.790000	0.336840
0.800000	0.335160
0.810000	0.333488
0.820000	0.331825
0.830000	0.330170
0.840000	0.328523
0.850000	0.326885
0.860000	0.325255
0.870000	0.323632
0.880000	0.322018
0.890000	0.320412
0.900000	0.318814
0.910000	0.317224
0.920000	0.315642
0.930000	0.314068
0.940000	0.312501
0.950000	0.310943
0.960000	0.309392
0.970000	0.307849
0.980000	0.306313
0.990000	0.304785
1.000000	0.303265
1.010000	0.301753
1.020000	0.300248
1.030000	0.298750
1.040000	0.297260
1.050000	0.295778
1.060000	0.294302
1.070000	0.292835
1.080000	0.291374
1.090000	0.289921
1.100000	0.288475
1.110000	0.287036
1.120000	0.285605
1.130000	0.284180
1.140000	0.282763
1.150000	0.281352
1.160000	0.279949
1.170000	0.278553
1.180000	0.277164
1.190000	0.275781
1.200000	0.274406
1.210000	0.273037
1.220000	0.271675
1.230000	0.270320
1.240000	0.268972
1.250000	0.267631
1.260000	0.266296
1.270000	0.264968
1.280000	0.263646
1.290000	0.262331
1.300000	0.261023
1.310000	0.259721
1.320000	0.258426
1.330000	0.257137
1.340000	0.255854
1.350000	0.254578
1.360000	0.253308
1.370000	0.252045
1.380000	0.250788
1.390000	0.249537
1.400000	0.248293
1.410000	0.247054
1.420000	0.245822
1.430000	0.244596
1.440000	0.243376
1.450000	0.242162
1.460000	0.240954
1.470000	0.239753
1.480000	0.238557
1.490000	0.237367
1.500000	0.236183
1.510000	0.235005
1.520000	0.233833
1.530000	0.232667
1.540000	0.231507
1.550000	0.230352
1.560000	0.229203
1.570000	0.228060
1.580000	0.226922
1.590000	0.225791
1.600000	0.224664
1.610000	0.223544
1.620000	0.222429
1.630000	0.221320
1.640000	0.220216
1.650000	0.219117
1.660000	0.218025
1.670000	0.216937
1.680000	0.215855
1.690000	0.214779
1.700000	0.213707
1.710000	0.212642
1.720000	0.211581
1.730000	0.210526
1.740000	0.209476
1.750000	0.208431
1.760000	0.207391
1.770000	0.206357
1.780000	0.205328
1.790000	0.204304
1.800000	0.203285
1.810000	0.202271
1.820000	0.201262
1.830000	0.200258
1.840000	0.199260
1.850000	0.198266
1.860000	0.197277
1.870000	0.196293
1.880000	0.195314
1.890000	0.194340
1.900000	0.193371
1.910000	0.192406
1.920000	0.191446
1.930000	0.190492
1.940000	0.189542
1.950000	0.188596
1.960000	0.187656
1.970000	0.186720
1.980000	0.185788
1.990000	0.184862
2.000000	0.183940
2.010000	0.183022
2.020000	0.182109
2.030000	0.181201
2.040000	0.180297
2.050000	0.179398
2.060000	0.178503
2.070000	0.177613
2.080000	0.176727
2.090000	0.175846
2.100000	0.174969
2.110000	0.174096
2.120000	0.173228
2.130000	0.172364
2.140000	0.171504
2.150000	0.170649
2.160000	0.169798
2.170000	0.168951
2.180000	0.168108
2.190000	0.167270
2.200000	0.166436
2.210000	0.165605
2.220000	0.164779
2.230000	0.163958
2.240000	0.163140
2.250000	0.162326
2.260000	0.161517
2.270000	0.160711
2.280000	0.159910
2.290000	0.159112
2.300000	0.158318
2.310000	0.157529
2.320000	0.156743
2.330000	0.155961
2.340000	0.155183
2.350000	0.154409
2.360000	0.153639
2.370000	0.152873
2.380000	0.152111
2.390000	0.151352
2.400000	0.150597
2.410000	0.149846
2.420000	0.149099
2.430000	0.148355
2.440000	0.147615
2.450000	0.146879
2.460000	0.146146
2.470000	0.145417
2.480000	0.144692
2.490000	0.143970
2.500000	0.143252
2.510000	0.142538
2.520000	0.141827
2.530000	0.141120
2.540000	0.140416
2.550000	0.139715
2.560000	0.139019
2.570000	0.138325
2.580000	0.137635
2.590000	0.136949
2.600000	0.136266
2.610000	0.135586
2.620000	0.134910
2.630000	0.134237
2.640000	0.133568
2.650000	0.132901
2.660000	0.132239
2.670000	0.131579
2.680000	0.130923
2.690000	0.130270
2.700000	0.129620
2.710000	0.128974
2.720000	0.128330
2.730000	0.127690
2.740000	0.127053
2.750000	0.126420
2.760000	0.125789
2.770000	0.125162
2.780000	0.124538
2.790000	0.123917
2.800000	0.123298
2.810000	0.122684
2.820000	0.122072
2.830000	0.121463
2.840000	0.120857
2.850000	0.120254
2.860000	0.119654
2.870000	0.119058
2.880000	0.118464
2.890000	0.117873
2.900000	0.117285
2.910000	0.116700
2.920000	0.116118
2.930000	0.115539
2.940000	0.114963
2.950000	0.114389
2.960000	0.113819
2.970000	0.113251
2.980000	0.112686
2.990000	0.112124
3.000000	0.111565
3.010000	0.111009
3.020000	0.110455
3.030000	0.109904
3.040000	0.109356
3.050000	0.108811
3.060000	0.108268
3.070000	0.107728
3.080000	0.107191
3.090000	0.106656
3.100000	0.106124
3.110000	0.105595
3.120000	0.105068
3.130000	0.104544
3.140000	0.104023
3.150000	0.103504
3.160000	0.102988
3.170000	0.102474
3.180000	0.101963
3.190000	0.101454
3.200000	0.100948
3.210000	0.100445
3.220000	0.099944
3.230000	0.099445
3.240000	0.098949
3.250000	0.098456
3.260000	0.097965
3.270000	0.097476
3.280000	0.096990
3.290000	0.096506
3.300000	0.096025
3.310000	0.095546
3.320000	0.095069
3.330000	0.094595
3.340000	0.094124
3.350000	0.093654
3.360000	0.093187
3.370000	0.092722
3.380000	0.092260
3.390000	0.091800
3.400000	0.091342
3.410000	0.090886
3.420000	0.090433
3.430000	0.089982
3.440000	0.089533
3.450000	0.089087
3.460000	0.088642
3.470000	0.088200
3.480000	0.087760
3.490000	0.087322
3.500000	0.086887
3.510000	0.086454
3.520000	0.086022
3.530000	0.085593
3.540000	0.085166
3.550000	0.084742
3.560000	0.084319
3.570000	0.083899
3.580000	0.083480
3.590000	0.083064
3.600000	0.082649
3.610000	0.082237
3.620000	0.081827
3.630000	0.081419
3.640000	0.081013
3.650000	0.080609
3.660000	0.080207
3.670000	0.079807
3.680000	0.079409
3.690000	0.079013
3.700000	0.078619
3.710000	0.078226
3.720000	0.077836
3.730000	0.077448
3.740000	0.077062
3.750000	0.076677
3.760000	0.076295
3.770000	0.075915
3.780000	0.075536
3.790000	0.075159
3.800000	0.074784
3.810000	0.074411
3.820000	0.074040
3.830000	0.073671
3.840000	0.073303
3.850000	0.072938
3.860000	0.072574
3.870000	0.072212
3.880000	0.071852
3.890000	0.071494
3.900000	0.071137
3.910000	0.070782
3.920000	0.070429
3.930000	0.070078
3.940000	0.069728
3.950000	0.069381
3.960000	0.069035
3.970000	0.068690
3.980000	0.068348
3.990000	0.068007
4.000000	0.067668
4.010000	0.067330
4.020000	0.066994
4.030000	0.066660
4.040000	0.066328
4.050000	0.065997
4.060000	0.065668
4.070000	0.065340
4.080000	0.065014
4.090000	0.064690
4.100000	0.064367
4.110000	0.064046
4.120000	0.063727
4.130000	0.063409
4.140000	0.063093
4.150000	0.062778
4.160000	0.062465
4.170000	0.062154
4.180000	0.061844
4.190000	0.061535
4.200000	0.061228
4.210000	0.060923
4.220000	0.060619
4.230000	0.060317
4.240000	0.060016
4.250000	0.059716
4.260000	0.059419
4.270000	0.059122
4.280000	0.058827
4.290000	0.058534
4.300000	0.058242
4.310000	0.057952
4.320000	0.057663
4.330000	0.057375
4.340000	0.057089
4.350000	0.056804
4.360000	0.056521
4.370000	0.056239
4.380000	0.055958
4.390000	0.055679
4.400000	0.055402
4.410000	0.055125
4.420000	0.054850
4.430000	0.054577
4.440000	0.054305
4.450000	0.054034
4.460000	0.053764
4.470000	0.053496
4.480000	0.053229
4.490000	0.052964
4.500000	0.052700
4.510000	0.052437
4.520000	0.052175
4.530000	0.051915
4.540000	0.051656
4.550000	0.051398
4.560000	0.051142
4.570000	0.050887
4.580000	0.050633
4.590000	0.050381
4.600000	0.050129
4.610000	0.049879
4.620000	0.049631
4.630000	0.049383
4.640000	0.049137
4.650000	0.048892
4.660000	0.048648
4.670000	0.048405
4.680000	0.048164
4.690000	0.047924
4.700000	0.047685
4.710000	0.047447
4.720000	0.047210
4.730000	0.046975
4.740000	0.046740
4.750000	0.046507
4.760000	0.046275
4.770000	0.046044
4.780000	0.045815
4.790000	0.045586
4.800000	0.045359
4.810000	0.045133
4.820000	0.044908
4.830000	0.044684
4.840000	0.044461
4.850000	0.044239
4.860000	0.044018
4.870000	0.043799
4.880000	0.043580
4.890000	0.043363
4.900000	0.043147
4.910000	0.042932
4.920000	0.042717
4.930000	0.042504
4.940000	0.042292
4.950000	0.042081
4.960000	0.041872
4.970000	0.041663
4.980000	0.041455
4.990000	0.041248
5.000000	0.041042
5.010000	0.040838
5.020000	0.040634
5.030000	0.040431
5.040000	0.040230
5.050000	0.040029
5.060000	0.039830
5.070000	0.039631
5.080000	0.039433
5.090000	0.039237
5.100000	0.039041
5.110000	0.038846
5.120000	0.038652
5.130000	0.038460
5.140000	0.038268
5.150000	0.038077
5.160000	0.037887
5.170000	0.037698
5.180000	0.037510
5.190000	0.037323
5.200000	0.037137
5.210000	0.036952
5.220000	0.036767
5.230000	0.036584
5.240000	0.036401
5.250000	0.036220
5.260000	0.036039
5.270000	0.035859
5.280000	0.035681
5.290000	0.035503
5.300000	0.035326
5.310000	0.035149
5.320000	0.034974
5.330000	0.034800
5.340000	0.034626
5.350000	0.034453
5.360000	0.034282
5.370000	0.034111
5.380000	0.033940
5.390000	0.033771
5.400000	0.033603
5.410000	0.033435
5.420000	0.033268
5.430000	0.033102
5.440000	0.032937
5.450000	0.032773
5.460000	0.032610
5.470000	0.032447
5.480000	0.032285
5.490000	0.032124
5.500000	0.031964
5.510000	0.031805
5.520000	0.031646
5.530000	0.031488
5.540000	0.031331
5.550000	0.031175
5.560000	0.031019
5.570000	0.030865
5.580000	0.030711
5.590000	0.030557
5.600000	0.030405
5.610000	0.030253
5.620000	0.030102
5.630000	0.029952
5.640000	0.029803
5.650000	0.029654
5.660000	0.029506
5.670000	0.029359
5.680000	0.029213
5.690000	0.029067
5.700000	0.028922
5.710000	0.028778
5.720000	0.028634
5.730000	0.028492
5.740000	0.028349
5.750000	0.028208
5.760000	0.028067
5.770000	0.027927
5.780000	0.027788
5.790000	0.027650
5.800000	0.027512
5.810000	0.027374
5.820000	0.027238
5.830000	0.027102
5.840000	0.026967
5.850000	0.026832
5.860000	0.026699
5.870000	0.026565
5.880000	0.026433
5.890000	0.026301
5.900000	0.026170
5.910000	0.026039
5.920000	0.025909
5.930000	0.025780
5.940000	0.025652
5.950000	0.025524
5.960000	0.025396
5.970000	0.025270
5.980000	0.025144
5.990000	0.025018
6.000000	0.024894
6.010000	0.024769
6.020000	0.024646
6.030000	0.024523
6.040000	0.024401
6.050000	0.024279
6.060000	0.024158
6.070000	0.024037
6.080000	0.023917
6.090000	0.023798
6.100000	0.023679
6.110000	0.023561
6.120000	0.023444
6.130000	0.023327
6.140000	0.023211
6.150000	0.023095
6.160000	0.022980
6.170000	0.022865
6.180000	0.022751
6.190000	0.022638
6.200000	0.022525
6.210000	0.022412
6.220000	0.022300
6.230000	0.022189
6.240000	0.022079
6.250000	0.021968
6.260000	0.021859
6.270000	0.021750
6.280000	0.021641
6.290000	0.021533
6.300000	0.021426
6.310000	0.021319
6.320000	0.021213
6.330000	0.021107
6.340000	0.021002
6.350000	0.020897
6.360000	0.020793
6.370000	0.020689
6.380000	0.020586
6.390000	0.020483
6.400000	0.020381
6.410000	0.020279
6.420000	0.020178
6.430000	0.020078
6.440000	0.019978
6.450000	0.019878
6.460000	0.019779
6.470000	0.019680
6.480000	0.019582
6.490000	0.019484
6.500000	0.019387
6.510000	0.019290
6.520000	0.019194
6.530000	0.019098
6.540000	0.019003
6.550000	0.018908
6.560000	0.018814
6.570000	0.018720
6.580000	0.018627
6.590000	0.018534
6.600000	0.018442
6.610000	0.018350
6.620000	0.018258
6.630000	0.018167
6.640000	0.018076
6.650000	0.017986
6.660000	0.017897
6.670000	0.017807
6.680000	0.017718
6.690000	0.017630
6.700000	0.017542
6.710000	0.017455
6.720000	0.017368
6.730000	0.017281
6.740000	0.017195
6.750000	0.017109
6.760000	0.017024
6.770000	0.016939
6.780000	0.016854
6.790000	0.016770
6.800000	0.016687
6.810000	0.016603
6.820000	0.016521
6.830000	0.016438
6.840000	0.016356
6.850000	0.016275
6.860000	0.016193
6.870000	0.016113
6.880000	0.016032
6.890000	0.015952
6.900000	0.015873
6.910000	0.015794
6.920000	0.015715
6.930000	0.015637
6.940000	0.015559
6.950000	0.015481
6.960000	0.015404
6.970000	0.015327
6.980000	0.015250
6.990000	0.015174
7.000000	0.015099
7.010000	0.015023
7.020000	0.014948
7.030000	0.014874
7.040000	0.014800
7.050000	0.014726
7.060000	0.014652
7.070000	0.014579
7.080000	0.014507
7.090000	0.014434
7.100000	0.014362
7.110000	0.014291
7.120000	0.014219
7.130000	0.014148
7.140000	0.014078
7.150000	0.014008
7.160000	0.013938
7.170000	0.013868
7.180000	0.013799
7.190000	0.013730
7.200000	0.013662
7.210000	0.013594
7.220000	0.013526
7.230000	0.013458
7.240000	0.013391
7.250000	0.013325
7.260000	0.013258
7.270000	0.013192
7.280000	0.013126
7.290000	0.013061
7.300000	0.012996
7.310000	0.012931
7.320000	0.012866
7.330000	0.012802
7.340000	0.012738
7.350000	0.012675
7.360000	0.012611
7.370000	0.012549
7.380000	0.012486
7.390000	0.012424
7.400000	0.012362
7.410000	0.012300
7.420000	0.012239
7.430000	0.012178
7.440000	0.012117
7.450000	0.012057
7.460000	0.011996
7.470000	0.011937
7.480000	0.011877
7.490000	0.011818
7.500000	0.011759
7.510000	0.011700
7.520000	0.011642
7.530000	0.011584
7.540000	0.011526
7.550000	0.011469
7.560000	0.011411
7.570000	0.011354
7.580000	0.011298
7.590000	0.011241
7.600000	0.011185
7.610000	0.011130
7.620000	0.011074
7.630000	0.011019
7.640000	0.010964
7.650000	0.010909
7.660000	0.010855
7.670000	0.010801
7.680000	0.010747
7.690000	0.010693
7.700000	0.010640
7.710000	0.010587
7.720000	0.010534
7.730000	0.010481
7.740000	0.010429
7.750000	0.010377
7.760000	0.010325
7.770000	0.010274
7.780000	0.010223
7.790000	0.010172
7.800000	0.010121
7.810000	0.010070
7.820000	0.010020
7.830000	0.009970
7.840000	0.009921
7.850000	0.009871
7.860000	0.009822
7.870000	0.009773
7.880000	0.009724
7.890000	0.009676
7.900000	0.009627
7.910000	0.009579
7.920000	0.009532
7.930000	0.009484
7.940000	0.009437
7.950000	0.009390
7.960000	0.009343
7.970000	0.009296
7.980000	0.009250
7.990000	0.009204
8.000000	0.009158
8.010000	0.009112
8.020000	0.009067
8.030000	0.009021
8.040000	0.008976
8.050000	0.008932
8.060000	0.008887
8.070000	0.008843
8.080000	0.008799
8.090000	0.008755
8.100000	0.008711
8.110000	0.008668
8.120000	0.008625
8.130000	0.008581
8.140000	0.008539
8.150000	0.008496
8.160000	0.008454
8.170000	0.008412
8.180000	0.008370
8.190000	0.008328
8.200000	0.008286
8.210000	0.008245
8.220000	0.008204
8.230000	0.008163
8.240000	0.008122
8.250000	0.008082
8.260000	0.008041
8.270000	0.008001
8.280000	0.007961
8.290000	0.007922
8.300000	0.007882
8.310000	0.007843
8.320000	0.007804
8.330000	0.007765
8.340000	0.007726
8.350000	0.007688
8.360000	0.007649
8.370000	0.007611
8.380000	0.007573
8.390000	0.007535
8.400000	0.007498
8.410000	0.007460
8.420000	0.007423
8.430000	0.007386
8.440000	0.007349
8.450000	0.007313
8.460000	0.007276
8.470000	0.007240
8.480000	0.007204
8.490000	0.007168
8.500000	0.007132
8.510000	0.007097
8.520000	0.007061
8.530000	0.007026
8.540000	0.006991
8.550000	0.006956
8.560000	0.006921
8.570000	0.006887
8.580000	0.006852
8.590000	0.006818
8.600000	0.006784
8.610000	0.006750
8.620000	0.006717
8.630000	0.006683
8.640000	0.006650
8.650000	0.006617
8.660000	0.006584
8.670000	0.006551
8.680000	0.006518
8.690000	0.006486
8.700000	0.006453
8.710000	0.006421
8.720000	0.006389
8.730000	0.006357
8.740000	0.006326
8.750000	0.006294
8.760000	0.006263
8.770000	0.006231
8.780000	0.006200
8.790000	0.006169
8.800000	0.006139
8.810000	0.006108
8.820000	0.006078
8.830000	0.006047
8.840000	0.006017
8.850000	0.005987
8.860000	0.005957
8.870000	0.005928
8.880000	0.005898
8.890000	0.005869
8.900000	0.005839
8.910000	0.005810
8.920000	0.005781
8.930000	0.005752
8.940000	0.005724
8.950000	0.005695
8.960000	0.005667
8.970000	0.005638
8.980000	0.005610
8.990000	0.005582
9.000000	0.005554
9.010000	0.005527
9.020000	0.005499
9.030000	0.005472
9.040000	0.005445
9.050000	0.005417
9.060000	0.005390
9.070000	0.005363
9.080000	0.005337
9.090000	0.005310
9.100000	0.005284
9.110000	0.005257
9.120000	0.005231
9.130000	0.005205
9.140000	0.005179
9.150000	0.005153
9.160000	0.005127
9.170000	0.005102
9.180000	0.005076
9.190000	0.005051
9.200000	0.005026
9.210000	0.005001
9.220000	0.004976
9.230000	0.004951
9.240000	0.004926
9.250000	0.004902
9.260000	0.004877
9.270000	0.004853
9.280000	0.004829
9.290000	0.004805
9.300000	0.004781
9.310000	0.004757
9.320000	0.004733
9.330000	0.004710
9.340000	0.004686
9.350000	0.004663
9.360000	0.004640
9.370000	0.004616
9.380000	0.004593
9.390000	0.004570
9.400000	0.004548
9.410000	0.004525
9.420000	0.004502
9.430000	0.004480
9.440000	0.004458
9.450000	0.004435
9.460000	0.004413
9.470000	0.004391
9.480000	0.004369
9.490000	0.004348
9.500000	0.004326
9.510000	0.004304
9.520000	0.004283
9.530000	0.004261
9.540000	0.004240
9.550000	0.004219
9.560000	0.004198
9.570000	0.004177
9.580000	0.004156
9.590000	0.004135
9.600000	0.004115
9.610000	0.004094
9.620000	0.004074
9.630000	0.004054
9.640000	0.004033
9.650000	0.004013
9.660000	0.003993
9.670000	0.003973
9.680000	0.003954
9.690000	0.003934
9.700000	0.003914
9.710000	0.003895
9.720000	0.003875
9.730000	0.003856
9.740000	0.003837
9.750000	0.003818
9.760000	0.003799
9.770000	0.003780
9.780000	0.003761
9.790000	0.003742
9.800000	0.003723
9.810000	0.003705
9.820000	0.003686
9.830000	0.003668
9.840000	0.003650
9.850000	0.003631
9.860000	0.003613
9.870000	0.003595
9.880000	0.003577
9.890000	0.003559
9.900000	0.003542
9.910000	0.003524
9.920000	0.003506
9.930000	0.003489
9.940000	0.003472
9.950000	0.003454
9.960000	0.003437
9.970000	0.003420
9.980000	0.003403
9.990000	0.003386
10.000000	0.003369
10.010000	0.003352
10.020000	0.003335
10.030000	0.003319
10.040000	0.003302
10.050000	0.003286
10.060000	0.003269
10.070000	0.003253
10.080000	0.003237
10.090000	0.003221
10.100000	0.003205
10.110000	0.003189
10.120000	0.003173
10.130000	0.003157
10.140000	0.003141
10.150000	0.003126
10.160000	0.003110
10.170000	0.003094
10.180000	0.003079
10.190000	0.003064
10.200000	0.003048
10.210000	0.003033
10.220000	0.003018
10.230000	0.003003
10.240000	0.002988
10.250000	0.002973
10.260000	0.002958
10.270000	0.002944
10.280000	0.002929
10.290000	0.002914
10.300000	0.002900
10.310000	0.002885
10.320000	0.002871
10.330000	0.002857
10.340000	0.002842
10.350000	0.002828
10.360000	0.002814
10.370000	0.002800
10.380000	0.002786
10.390000	0.002772
10.400000	0.002758
10.410000	0.002745
10.420000	0.002731
10.430000	0.002717
10.440000	0.002704
10.450000	0.002690
10.460000	0.002677
10.470000	0.002663
10.480000	0.002650
10.490000	0.002637
10.500000	0.002624
10.510000	0.002611
10.520000	0.002598
10.530000	0.002585
10.540000	0.002572
10.550000	0.002559
10.560000	0.002546
10.570000	0.002534
10.580000	0.002521
10.590000	0.002508
10.600000	0.002496
10.610000	0.002483
10.620000	0.002471
10.630000	0.002459
10.640000	0.002446
10.650000	0.002434
10.660000	0.002422
10.670000	0.002410
10.680000	0.002398
10.690000	0.002386
10.700000	0.002374
10.710000	0.002362
10.720000	0.002350
10.730000	0.002339
10.740000	0.002327
10.750000	0.002315
10.760000	0.002304
10.770000	0.002292
10.780000	0.002281
10.790000	0.002270
10.800000	0.002258
10.810000	0.002247
10.820000	0.002236
10.830000	0.002225
10.840000	0.002214
10.850000	0.002203
10.860000	0.002192
10.870000	0.002181
10.880000	0.002170
10.890000	0.002159
10.900000	0.002148
10.910000	0.002137
10.920000	0.002127
10.930000	0.002116
10.940000	0.002106
10.950000	0.002095
10.960000	0.002085
10.970000	0.002074
10.980000	0.002064
10.990000	0.002054
11.000000	0.002043
11.010000	0.002033
11.020000	0.002023
11.030000	0.002013
11.040000	0.002003
11.050000	0.001993
11.060000	0.001983
11.070000	0.001973
11.080000	0.001963
11.090000	0.001953
11.100000	0.001944
11.110000	0.001934
11.120000	0.001924
11.130000	0.001915
11.140000	0.001905
11.150000	0.001896
11.160000	0.001886
11.170000	0.001877
11.180000	0.001868
11.190000	0.001858
11.200000	0.001849
11.210000	0.001840
11.220000	0.001831
11.230000	0.001821
11.240000	0.001812
11.250000	0.001803
11.260000	0.001794
11.270000	0.001785
11.280000	0.001776
11.290000	0.001768
11.300000	0.001759
11.310000	0.001750
11.320000	0.001741
11.330000	0.001733
11.340000	0.001724
11.350000	0.001715
11.360000	0.001707
11.370000	0.001698
11.380000	0.001690
11.390000	0.001681
11.400000	0.001673
11.410000	0.001665
11.420000	0.001656
11.430000	0.001648
11.440000	0.001640
11.450000	0.001632
11.460000	0.001624
11.470000	0.001615
11.480000	0.001607
11.490000	0.001599
11.500000	0.001591
11.510000	0.001583
11.520000	0.001576
11.530000	0.001568
11.540000	0.001560
11.550000	0.001552
11.560000	0.001544
11.570000	0.001537
11.580000	0.001529
11.590000	0.001521
11.600000	0.001514
11.610000	0.001506
11.620000	0.001499
11.630000	0.001491
11.640000	0.001484
11.650000	0.001476
11.660000	0.001469
11.670000	0.001462
11.680000	0.001454
11.690000	0.001447
11.700000	0.001440
11.710000	0.001433
11.720000	0.001426
11.730000	0.001419
11.740000	0.001411
11.750000	0.001404
11.760000	0.001397
11.770000	0.001390
11.780000	0.001383
11.790000	0.001377
11.800000	0.001370
11.810000	0.001363
11.820000	0.001356
11.830000	0.001349
11.840000	0.001343
11.850000	0.001336
11.860000	0.001329
11.870000	0.001323
11.880000	0.001316
11.890000	0.001309
11.900000	0.001303
11.910000	0.001296
11.920000	0.001290
11.930000	0.001284
11.940000	0.001277
11.950000	0.001271
11.960000	0.001264
11.970000	0.001258
11.980000	0.001252
11.990000	0.001246
12.000000	0.001239
12.010000	0.001233
12.020000	0.001227
12.030000	0.001221
12.040000	0.001215
12.050000	0.001209
12.060000	0.001203
12.070000	0.001197
12.080000	0.001191
12.090000	0.001185
12.100000	0.001179
12.110000	0.001173
12.120000	0.001167
12.130000	0.001161
12.140000	0.001156
12.150000	0.001150
12.160000	0.001144
12.170000	0.001138
12.180000	0.001133
12.190000	0.001127
12.200000	0.001121
12.210000	0.001116
12.220000	0.001110
12.230000	0.001105
12.240000	0.001099
12.250000	0.001094
12.260000	0.001088
12.270000	0.001083
12.280000	0.001077
12.290000	0.001072
12.300000	0.001067
12.310000	0.001061
12.320000	0.001056
12.330000	0.001051
12.340000	0.001046
12.350000	0.001040
12.360000	0.001035
12.370000	0.001030
12.380000	0.001025
12.390000	0.001020
12.400000	0.001015
12.410000	0.001010
12.420000	0.001005
12.430000	0.001000
12.440000	0.000995
12.450000	0.000990
12.460000	0.000985
12.470000	0.000980
12.480000	0.000975
12.490000	0.000970
12.500000	0.000965
12.510000	0.000960
12.520000	0.000956
12.530000	0.000951
12.540000	0.000946
12.550000	0.000941
12.560000	0.000937
12.570000	0.000932
12.580000	0.000927
12.590000	0.000923
12.600000	0.000918
12.610000	0.000914
12.620000	0.000909
12.630000	0.000904
12.640000	0.000900
12.650000	0.000895
12.660000	0.000891
12.670000	0.000887
12.680000	0.000882
12.690000	0.000878
12.700000	0.000873
12.710000	0.000869
12.720000	0.000865
12.730000	0.000860
12.740000	0.000856
12.750000	0.000852
12.760000	0.000848
12.770000	0.000843
12.780000	0.000839
12.790000	0.000835
12.800000	0.000831
12.810000	0.000827
12.820000	0.000823
12.830000	0.000818
12.840000	0.000814
12.850000	0.000810
12.860000	0.000806
12.870000	0.000802
12.880000	0.000798
12.890000	0.000794
12.900000	0.000790
12.910000	0.000786
12.920000	0.000782
12.930000	0.000778
12.940000	0.000775
12.950000	0.000771
12.960000	0.000767
12.970000	0.000763
12.980000	0.000759
12.990000	0.000755
13.000000	0.000752
13.010000	0.000748
13.020000	0.000744
13.030000	0.000741
13.040000	0.000737
13.050000	0.000733
13.060000	0.000730
13.070000	0.000726
13.080000	0.000722
13.090000	0.000719
13.100000	0.000715
13.110000	0.000711
13.120000	0.000708
13.130000	0.000704
13.140000	0.000701
13.150000	0.000697
13.160000	0.000694
13.170000	0.000690
13.180000	0.000687
13.190000	0.000684
13.200000	0.000680
13.210000	0.000677
13.220000	0.000673
13.230000	0.000670
13.240000	0.000667
13.250000	0.000663
13.260000	0.000660
13.270000	0.000657
13.280000	0.000654
13.290000	0.000650
13.300000	0.000647
13.310000	0.000644
13.320000	0.000641
13.330000	0.000637
13.340000	0.000634
13.350000	0.000631
13.360000	0.000628
13.370000	0.000625
13.380000	0.000622
13.390000	0.000619
13.400000	0.000615
13.410000	0.000612
13.420000	0.000609
13.430000	0.000606
13.440000	0.000603
13.450000	0.000600
13.460000	0.000597
13.470000	0.000594
13.480000	0.000591
13.490000	0.000588
13.500000	0.000585
13.510000	0.000583
13.520000	0.000580
13.530000	0.000577
13.540000	0.000574
13.550000	0.000571
13.560000	0.000568
13.570000	0.000565
13.580000	0.000562
13.590000	0.000560
13.600000	0.000557
13.610000	0.000554
13.620000	0.000551
13.630000	0.000549
13.640000	0.000546
13.650000	0.000543
13.660000	0.000540
13.670000	0.000538
13.680000	0.000535
13.690000	0.000532
13.700000	0.000530
13.710000	0.000527
13.720000	0.000524
13.730000	0.000522
13.740000	0.000519
13.750000	0.000517
13.760000	0.000514
13.770000	0.000512
13.780000	0.000509
13.790000	0.000506
13.800000	0.000504
13.810000	0.000501
13.820000	0.000499
13.830000	0.000496
13.840000	0.000494
13.850000	0.000491
13.860000	0.000489
13.870000	0.000487
13.880000	0.000484
13.890000	0.000482
13.900000	0.000479
13.910000	0.000477
13.920000	0.000475
13.930000	0.000472
13.940000	0.000470
13.950000	0.000467
13.960000	0.000465
13.970000	0.000463
13.980000	0.000461
13.990000	0.000458
14.000000	0.000456
14.010000	0.000454
14.020000	0.000451
14.030000	0.000449
14.040000	0.000447
14.050000	0.000445
14.060000	0.000442
14.070000	0.000440
14.080000	0.000438
14.090000	0.000436
14.100000	0.000434
14.110000	0.000432
14.120000	0.000429
14.130000	0.000427
14.140000	0.000425
14.150000	0.000423
14.160000	0.000421
14.170000	0.000419
14.180000	0.000417
14.190000	0.000415
14.200000	0.000413
14.210000	0.000410
14.220000	0.000408
14.230000	0.000406
14.240000	0.000404
14.250000	0.000402
14.260000	0.000400
14.270000	0.000398
14.280000	0.000396
14.290000	0.000394
14.300000	0.000392
14.310000	0.000390
14.320000	0.000389
14.330000	0.000387
14.340000	0.000385
14.350000	0.000383
14.360000	0.000381
14.370000	0.000379
14.380000	0.000377
14.390000	0.000375
14.400000	0.000373
14.410000	0.000371
14.420000	0.000370
14.430000	0.000368
14.440000	0.000366
14.450000	0.000364
14.460000	0.000362
14.470000	0.000360
14.480000	0.000359
14.490000	0.000357
14.500000	0.000355
14.510000	0.000353
14.520000	0.000352
14.530000	0.000350
14.540000	0.000348
14.550000	0.000346
14.560000	0.000345
14.570000	0.000343
14.580000	0.000341
14.590000	0.000339
14.600000	0.000338
14.610000	0.000336
14.620000	0.000334
14.630000	0.000333
14.640000	0.000331
14.650000	0.000329
14.660000	0.000328
14.670000	0.000326
14.680000	0.000325
14.690000	0.000323
14.700000	0.000321
14.710000	0.000320
14.720000	0.000318
14.730000	0.000317
14.740000	0.000315
14.750000	0.000313
14.760000	0.000312
14.770000	0.000310
14.780000	0.000309
14.790000	0.000307
14.800000	0.000306
14.810000	0.000304
14.820000	0.000303
14.830000	0.000301
14.840000	0.000300
14.850000	0.000298
14.860000	0.000297
14.870000	0.000295
14.880000	0.000294
14.890000	0.000292
14.900000	0.000291
14.910000	0.000289
14.920000	0.000288
14.930000	0.000286
14.940000	0.000285
14.950000	0.000284
14.960000	0.000282
14.970000	0.000281
14.980000	0.000279
14.990000	0.000278
15.000000	0.000277
15.010000	0.000275
15.020000	0.000274
15.030000	0.000272
15.040000	0.000271
15.050000	0.000270
15.060000	0.000268
15.070000	0.000267
15.080000	0.000266
15.090000	0.000264
15.100000	0.000263
15.110000	0.000262
15.120000	0.000260
15.130000	0.000259
15.140000	0.000258
15.150000	0.000257
15.160000	0.000255
15.170000	0.000254
15.180000	0.000253
15.190000	0.000251
15.200000	0.000250
15.210000	0.000249
15.220000	0.000248
15.230000	0.000247
15.240000	0.000245
15.250000	0.000244
15.260000	0.000243
15.270000	0.000242
15.280000	0.000240
15.290000	0.000239
15.300000	0.000238
15.310000	0.000237
15.320000	0.000236
15.330000	0.000234
15.340000	0.000233
15.350000	0.000232
15.360000	0.000231
15.370000	0.000230
15.380000	0.000229
15.390000	0.000228
15.400000	0.000226
15.410000	0.000225
15.420000	0.000224
15.430000	0.000223
15.440000	0.000222
15.450000	0.000221
15.460000	0.000220
15.470000	0.000219
15.480000	0.000218
15.490000	0.000216
15.500000	0.000215
15.510000	0.000214
15.520000	0.000213
15.530000	0.000212
15.540000	0.000211
15.550000	0.000210
15.560000	0.000209
15.570000	0.000208
15.580000	0.000207
15.590000	0.000206
15.600000	0.000205
15.610000	0.000204
15.620000	0.000203
15.630000	0.000202
15.640000	0.000201
15.650000	0.000200
15.660000	0.000199
15.670000	0.000198
15.680000	0.000197
15.690000	0.000196
15.700000	0.000195
15.710000	0.000194
15.720000	0.000193
15.730000	0.000192
15.740000	0.000191
15.750000	0.000190
15.760000	0.000189
15.770000	0.000188
15.780000	0.000187
15.790000	0.000186
15.800000	0.000185
15.810000	0.000184
15.820000	0.000184
15.830000	0.000183
15.840000	0.000182
15.850000	0.000181
15.860000	0.000180
15.870000	0.000179
15.880000	0.000178
15.890000	0.000177
15.900000	0.000176
15.910000	0.000175
15.920000	0.000175
15.930000	0.000174
15.940000	0.000173
15.950000	0.000172
15.960000	0.000171
15.970000	0.000170
15.980000	0.000169
15.990000	0.000169
16.000000	0.000168
16.010000	0.000167
16.020000	0.000166
16.030000	0.000165
16.040000	0.000164
16.050000	0.000164
16.060000	0.000163
16.070000	0.000162
16.080000	0.000161
16.090000	0.000160
16.100000	0.000160
16.110000	0.000159
16.120000	0.000158
16.130000	0.000157
16.140000	0.000156
16.150000	0.000156
16.160000	0.000155
16.170000	0.000154
16.180000	0.000153
16.190000	0.000153
16.200000	0.000152
16.210000	0.000151
16.220000	0.000150
16.230000	0.000150
16.240000	0.000149
16.250000	0.000148
16.260000	0.000147
16.270000	0.000147
16.280000	0.000146
16.290000	0.000145
16.300000	0.000144
16.310000	0.000144
16.320000	0.000143
16.330000	0.000142
16.340000	0.000142
16.350000	0.000141
16.360000	0.000140
16.370000	0.000139
16.380000	0.000139
16.390000	0.000138
16.400000	0.000137
16.410000	0.000137
16.420000	0.000136
16.430000	0.000135
16.440000	0.000135
16.450000	0.000134
16.460000	0.000133
16.470000	0.000133
16.480000	0.000132
16.490000	0.000131
16.500000	0.000131
16.510000	0.000130
16.520000	0.000129
16.530000	0.000129
16.540000	0.000128
16.550000	0.000127
16.560000	0.000127
16.570000	0.000126
16.580000	0.000126
16.590000	0.000125
16.600000	0.000124
16.610000	0.000124
16.620000	0.000123
16.630000	0.000122
16.640000	0.000122
16.650000	0.000121
16.660000	0.000121
16.670000	0.000120
16.680000	0.000119
16.690000	0.000119
16.700000	0.000118
16.710000	0.000118
16.720000	0.000117
16.730000	0.000116
16.740000	0.000116
16.750000	0.000115
16.760000	0.000115
16.770000	0.000114
16.780000	0.000114
16.790000	0.000113
16.800000	0.000112
16.810000	0.000112
16.820000	0.000111
16.830000	0.000111
16.840000	0.000110
16.850000	0.000110
16.860000	0.000109
16.870000	0.000109
16.880000	0.000108
16.890000	0.000107
16.900000	0.000107
16.910000	0.000106
16.920000	0.000106
16.930000	0.000105
16.940000	0.000105
16.950000	0.000104
16.960000	0.000104
16.970000	0.000103
16.980000	0.000103
16.990000	0.000102
17.000000	0.000102
17.010000	0.000101
17.020000	0.000101
17.030000	0.000100
17.040000	0.000100
17.050000	0.000099
17.060000	0.000099
17.070000	0.000098
17.080000	0.000098
17.090000	0.000097
17.100000	0.000097
17.110000	0.000096
17.120000	0.000096
17.130000	0.000095
17.140000	0.000095
17.150000	0.000094
17.160000	0.000094
17.170000	0.000093
17.180000	0.000093
17.190000	0.000093
17.200000	0.000092
17.210000	0.000092
17.220000	0.000091
17.230000	0.000091
17.240000	0.000090
17.250000	0.000090
17.260000	0.000089
17.270000	0.000089
17.280000	0.000088
17.290000	0.000088
17.300000	0.000088
17.310000	0.000087
17.320000	0.000087
17.330000	0.000086
17.340000	0.000086
17.350000	0.000085
17.360000	0.000085
17.370000	0.000085
17.380000	0.000084
17.390000	0.000084
17.400000	0.000083
17.410000	0.000083
17.420000	0.000082
17.430000	0.000082
17.440000	0.000082
17.450000	0.000081
17.460000	0.000081
17.470000	0.000080
17.480000	0.000080
17.490000	0.000080
17.500000	0.000079
17.510000	0.000079
17.520000	0.000078
17.530000	0.000078
17.540000	0.000078
17.550000	0.000077
17.560000	0.000077
17.570000	0.000077
17.580000	0.000076
17.590000	0.000076
17.600000	0.000075
17.610000	0.000075
17.620000	0.000075
17.630000	0.000074
17.640000	0.000074
17.650000	0.000074
17.660000	0.000073
17.670000	0.000073
17.680000	0.000072
17.690000	0.000072
17.700000	0.000072
17.710000	0.000071
17.720000	0.000071
17.730000	0.000071
17.740000	0.000070
17.750000	0.000070
17.760000	0.000070
17.770000	0.000069
17.780000	0.000069
17.790000	0.000069
17.800000	0.000068
17.810000	0.000068
17.820000	0.000068
17.830000	0.000067
17.840000	0.000067
17.850000	0.000067
17.860000	0.000066
17.870000	0.000066
17.880000	0.000066
17.890000	0.000065
17.900000	0.000065
17.910000	0.000065
17.920000	0.000064
17.930000	0.000064
17.940000	0.000064
17.950000	0.000063
17.960000	0.000063
17.970000	0.000063
17.980000	0.000062
17.990000	0.000062
18.000000	0.000062
18.010000	0.000061
18.020000	0.000061
18.030000	0.000061
18.040000	0.000060
18.050000	0.000060
18.060000	0.000060
18.070000	0.000060
18.080000	0.000059
18.090000	0.000059
18.100000	0.000059
18.110000	0.000058
18.120000	0.000058
18.130000	0.000058
18.140000	0.000058
18.150000	0.000057
18.160000	0.000057
18.170000	0.000057
18.180000	0.000056
18.190000	0.000056
18.200000	0.000056
18.210000	0.000056
18.220000	0.000055
18.230000	0.000055
18.240000	0.000055
18.250000	0.000054
18.260000	0.000054
18.270000	0.000054
18.280000	0.000054
18.290000	0.000053
18.300000	0.000053
18.310000	0.000053
18.320000	0.000053
18.330000	0.000052
18.340000	0.000052
18.350000	0.000052
18.360000	0.000052
18.370000	0.000051
18.380000	0.000051
18.390000	0.000051
18.400000	0.000051
18.410000	0.000050
18.420000	0.000050
18.430000	0.000050
18.440000	0.000050
18.450000	0.000049
18.460000	0.000049
18.470000	0.000049
18.480000	0.000049
18.490000	0.000048
18.500000	0.000048
18.510000	0.000048
18.520000	0.000048
18.530000	0.000047
18.540000	0.000047
18.550000	0.000047
18.560000	0.000047
18.570000	0.000046
18.580000	0.000046
18.590000	0.000046
18.600000	0.000046
18.610000	0.000045
18.620000	0.000045
18.630000	0.000045
18.640000	0.000045
18.650000	0.000045
18.660000	0.000044
18.670000	0.000044
18.680000	0.000044
18.690000	0.000044
18.700000	0.000043
18.710000	0.000043
18.720000	0.000043
18.730000	0.000043
18.740000	0.000043
18.750000	0.000042
18.760000	0.000042
18.770000	0.000042
18.780000	0.000042
18.790000	0.000042
18.800000	0.000041
18.810000	0.000041
18.820000	0.000041
18.830000	0.000041
18.840000	0.000041
18.850000	0.000040
18.860000	0.000040
18.870000	0.000040
18.880000	0.000040
18.890000	0.000040
18.900000	0.000039
18.910000	0.000039
18.920000	0.000039
18.930000	0.000039
18.940000	0.000039
18.950000	0.000038
18.960000	0.000038
18.970000	0.000038
18.980000	0.000038
18.990000	0.000038
19.000000	0.000037
19.010000	0.000037
19.020000	0.000037
19.030000	0.000037
19.040000	0.000037
19.050000	0.000037
19.060000	0.000036
19.070000	0.000036
19.080000	0.000036
19.090000	0.000036
19.100000	0.000036
19.110000	0.000035
19.120000	0.000035
19.130000	0.000035
19.140000	0.000035
19.150000	0.000035
19.160000	0.000035
19.170000	0.000034
19.180000	0.000034
19.190000	0.000034
19.200000	0.000034
19.210000	0.000034
19.220000	0.000034
19.230000	0.000033
19.240000	0.000033
19.250000	0.000033
19.260000	0.000033
19.270000	0.000033
19.280000	0.000033
19.290000	0.000032
19.300000	0.000032
19.310000	0.000032
19.320000	0.000032
19.330000	0.000032
19.340000	0.000032
19.350000	0.000031
19.360000	0.000031
19.370000	0.000031
19.380000	0.000031
19.390000	0.000031
19.400000	0.000031
19.410000	0.000030
19.420000	0.000030
19.430000	0.000030
19.440000	0.000030
19.450000	0.000030
19.460000	0.000030
19.470000	0.000030
19.480000	0.000029
19.490000	0.000029
19.500000	0.000029
19.510000	0.000029
19.520000	0.000029
19.530000	0.000029
19.540000	0.000029
19.550000	0.000028
19.560000	0.000028
19.570000	0.000028
19.580000	0.000028
19.590000	0.000028
19.600000	0.000028
19.610000	0.000028
19.620000	0.000027
19.630000	0.000027
19.640000	0.000027
19.650000	0.000027
19.660000	0.000027
19.670000	0.000027
19.680000	0.000027
19.690000	0.000027
19.700000	0.000026
19.710000	0.000026
19.720000	0.000026
19.730000	0.000026
19.740000	0.000026
19.750000	0.000026
19.760000	0.000026
19.770000	0.000025
19.780000	0.000025
19.790000	0.000025
19.800000	0.000025
19.810000	0.000025
19.820000	0.000025
19.830000	0.000025
19.840000	0.000025
19.850000	0.000024
19.860000	0.000024
19.870000	0.000024
19.880000	0.000024
19.890000	0.000024
19.900000	0.000024
19.910000	0.000024
19.920000	0.000024
19.930000	0.000024
19.940000	0.000023
19.950000	0.000023
19.960000	0.000023
19.970000	0.000023
19.980000	0.000023
19.990000	0.000023
