################################################################################
# Copyright (c) 2010, 2023 Contributors to the Eclipse Foundation
#
# See the NOTICE file(s) distributed with this work for additional
# information regarding copyright ownership.
#
# This program and the accompanying materials are made available under the terms
# of the MIT License which is available at https://opensource.org/licenses/MIT
#
# SPDX-License-Identifier: MIT
################################################################################

0.000000	0.000000
0.010000	0.000000
0.020000	0.000000
0.030000	0.000000
0.040000	0.000000
0.050000	0.000000
0.060000	0.000000
0.070000	0.000001
0.080000	0.000001
0.090000	0.000003
0.100000	0.000004
0.110000	0.000007
0.120000	0.000010
0.130000	0.000015
0.140000	0.000022
0.150000	0.000030
0.160000	0.000041
0.170000	0.000054
0.180000	0.000070
0.190000	0.000090
0.200000	0.000114
0.210000	0.000143
0.220000	0.000177
0.230000	0.000217
0.240000	0.000263
0.250000	0.000316
0.260000	0.000377
0.270000	0.000446
0.280000	0.000524
0.290000	0.000612
0.300000	0.000711
0.310000	0.000821
0.320000	0.000944
0.330000	0.001079
0.340000	0.001228
0.350000	0.001391
0.360000	0.001570
0.370000	0.001765
0.380000	0.001976
0.390000	0.002206
0.400000	0.002454
0.410000	0.002721
0.420000	0.003009
0.430000	0.003318
0.440000	0.003648
0.450000	0.004001
0.460000	0.004378
0.470000	0.004778
0.480000	0.005203
0.490000	0.005654
0.500000	0.006131
0.510000	0.006635
0.520000	0.007167
0.530000	0.007727
0.540000	0.008316
0.550000	0.008935
0.560000	0.009584
0.570000	0.010263
0.580000	0.010974
0.590000	0.011716
0.600000	0.012491
0.610000	0.013299
0.620000	0.014139
0.630000	0.015014
0.640000	0.015922
0.650000	0.016865
0.660000	0.017842
0.670000	0.018855
0.680000	0.019902
0.690000	0.020985
0.700000	0.022104
0.710000	0.023259
0.720000	0.024450
0.730000	0.025677
0.740000	0.026940
0.750000	0.028240
0.760000	0.029576
0.770000	0.030948
0.780000	0.032357
0.790000	0.033803
0.800000	0.035284
0.810000	0.036802
0.820000	0.038355
0.830000	0.039945
0.840000	0.041570
0.850000	0.043231
0.860000	0.044927
0.870000	0.046658
0.880000	0.048423
0.890000	0.050223
0.900000	0.052057
0.910000	0.053925
0.920000	0.055826
0.930000	0.057760
0.940000	0.059726
0.950000	0.061724
0.960000	0.063754
0.970000	0.065815
0.980000	0.067907
0.990000	0.070028
1.000000	0.072179
1.010000	0.074359
1.020000	0.076567
1.030000	0.078802
1.040000	0.081065
1.050000	0.083354
1.060000	0.085669
1.070000	0.088009
1.080000	0.090374
1.090000	0.092762
1.100000	0.095173
1.110000	0.097607
1.120000	0.100062
1.130000	0.102538
1.140000	0.105034
1.150000	0.107550
1.160000	0.110084
1.170000	0.112636
1.180000	0.115206
1.190000	0.117791
1.200000	0.120392
1.210000	0.123008
1.220000	0.125638
1.230000	0.128280
1.240000	0.130935
1.250000	0.133602
1.260000	0.136279
1.270000	0.138966
1.280000	0.141662
1.290000	0.144367
1.300000	0.147079
1.310000	0.149797
1.320000	0.152521
1.330000	0.155251
1.340000	0.157984
1.350000	0.160721
1.360000	0.163460
1.370000	0.166201
1.380000	0.168943
1.390000	0.171686
1.400000	0.174427
1.410000	0.177167
1.420000	0.179905
1.430000	0.182640
1.440000	0.185372
1.450000	0.188098
1.460000	0.190820
1.470000	0.193535
1.480000	0.196244
1.490000	0.198945
1.500000	0.201638
1.510000	0.204322
1.520000	0.206996
1.530000	0.209660
1.540000	0.212312
1.550000	0.214953
1.560000	0.217582
1.570000	0.220197
1.580000	0.222799
1.590000	0.225386
1.600000	0.227959
1.610000	0.230515
1.620000	0.233056
1.630000	0.235579
1.640000	0.238085
1.650000	0.240573
1.660000	0.243042
1.670000	0.245492
1.680000	0.247922
1.690000	0.250332
1.700000	0.252721
1.710000	0.255089
1.720000	0.257435
1.730000	0.259759
1.740000	0.262060
1.750000	0.264337
1.760000	0.266591
1.770000	0.268821
1.780000	0.271026
1.790000	0.273206
1.800000	0.275360
1.810000	0.277489
1.820000	0.279591
1.830000	0.281667
1.840000	0.283716
1.850000	0.285738
1.860000	0.287732
1.870000	0.289698
1.880000	0.291636
1.890000	0.293545
1.900000	0.295425
1.910000	0.297277
1.920000	0.299098
1.930000	0.300891
1.940000	0.302653
1.950000	0.304385
1.960000	0.306087
1.970000	0.307758
1.980000	0.309399
1.990000	0.311008
2.000000	0.312587
2.010000	0.314134
2.020000	0.315650
2.030000	0.317134
2.040000	0.318587
2.050000	0.320008
2.060000	0.321397
2.070000	0.322754
2.080000	0.324079
2.090000	0.325371
2.100000	0.326632
2.110000	0.327860
2.120000	0.329056
2.130000	0.330219
2.140000	0.331350
2.150000	0.332449
2.160000	0.333515
2.170000	0.334549
2.180000	0.335550
2.190000	0.336519
2.200000	0.337455
2.210000	0.338360
2.220000	0.339231
2.230000	0.340071
2.240000	0.340878
2.250000	0.341654
2.260000	0.342397
2.270000	0.343108
2.280000	0.343788
2.290000	0.344435
2.300000	0.345051
2.310000	0.345635
2.320000	0.346188
2.330000	0.346710
2.340000	0.347200
2.350000	0.347659
2.360000	0.348088
2.370000	0.348485
2.380000	0.348852
2.390000	0.349189
2.400000	0.349495
2.410000	0.349772
2.420000	0.350018
2.430000	0.350234
2.440000	0.350422
2.450000	0.350579
2.460000	0.350708
2.470000	0.350807
2.480000	0.350878
2.490000	0.350921
2.500000	0.350935
2.510000	0.350921
2.520000	0.350879
2.530000	0.350809
2.540000	0.350713
2.550000	0.350589
2.560000	0.350438
2.570000	0.350260
2.580000	0.350056
2.590000	0.349826
2.600000	0.349570
2.610000	0.349288
2.620000	0.348981
2.630000	0.348649
2.640000	0.348292
2.650000	0.347910
2.660000	0.347504
2.670000	0.347074
2.680000	0.346621
2.690000	0.346143
2.700000	0.345643
2.710000	0.345119
2.720000	0.344573
2.730000	0.344004
2.740000	0.343414
2.750000	0.342801
2.760000	0.342167
2.770000	0.341512
2.780000	0.340836
2.790000	0.340139
2.800000	0.339422
2.810000	0.338685
2.820000	0.337927
2.830000	0.337151
2.840000	0.336355
2.850000	0.335540
2.860000	0.334707
2.870000	0.333855
2.880000	0.332985
2.890000	0.332098
2.900000	0.331193
2.910000	0.330271
2.920000	0.329331
2.930000	0.328376
2.940000	0.327404
2.950000	0.326416
2.960000	0.325412
2.970000	0.324393
2.980000	0.323359
2.990000	0.322310
3.000000	0.321246
3.010000	0.320168
3.020000	0.319076
3.030000	0.317971
3.040000	0.316852
3.050000	0.315720
3.060000	0.314575
3.070000	0.313417
3.080000	0.312247
3.090000	0.311065
3.100000	0.309871
3.110000	0.308666
3.120000	0.307450
3.130000	0.306222
3.140000	0.304984
3.150000	0.303736
3.160000	0.302477
3.170000	0.301209
3.180000	0.299931
3.190000	0.298644
3.200000	0.297347
3.210000	0.296042
3.220000	0.294728
3.230000	0.293406
3.240000	0.292076
3.250000	0.290738
3.260000	0.289392
3.270000	0.288039
3.280000	0.286679
3.290000	0.285312
3.300000	0.283939
3.310000	0.282559
3.320000	0.281173
3.330000	0.279781
3.340000	0.278384
3.350000	0.276981
3.360000	0.275573
3.370000	0.274160
3.380000	0.272742
3.390000	0.271319
3.400000	0.269893
3.410000	0.268462
3.420000	0.267027
3.430000	0.265588
3.440000	0.264147
3.450000	0.262701
3.460000	0.261253
3.470000	0.259802
3.480000	0.258348
3.490000	0.256892
3.500000	0.255433
3.510000	0.253973
3.520000	0.252510
3.530000	0.251046
3.540000	0.249580
3.550000	0.248113
3.560000	0.246645
3.570000	0.245176
3.580000	0.243706
3.590000	0.242235
3.600000	0.240764
3.610000	0.239292
3.620000	0.237821
3.630000	0.236349
3.640000	0.234878
3.650000	0.233407
3.660000	0.231936
3.670000	0.230466
3.680000	0.228997
3.690000	0.227529
3.700000	0.226062
3.710000	0.224597
3.720000	0.223132
3.730000	0.221670
3.740000	0.220208
3.750000	0.218749
3.760000	0.217292
3.770000	0.215837
3.780000	0.214384
3.790000	0.212933
3.800000	0.211485
3.810000	0.210039
3.820000	0.208596
3.830000	0.207156
3.840000	0.205718
3.850000	0.204284
3.860000	0.202853
3.870000	0.201425
3.880000	0.200001
3.890000	0.198580
3.900000	0.197163
3.910000	0.195749
3.920000	0.194339
3.930000	0.192933
3.940000	0.191531
3.950000	0.190133
3.960000	0.188739
3.970000	0.187350
3.980000	0.185964
3.990000	0.184584
4.000000	0.183207
4.010000	0.181836
4.020000	0.180468
4.030000	0.179106
4.040000	0.177749
4.050000	0.176396
4.060000	0.175048
4.070000	0.173706
4.080000	0.172368
4.090000	0.171036
4.100000	0.169708
4.110000	0.168386
4.120000	0.167070
4.130000	0.165759
4.140000	0.164453
4.150000	0.163153
4.160000	0.161858
4.170000	0.160569
4.180000	0.159286
4.190000	0.158009
4.200000	0.156737
4.210000	0.155471
4.220000	0.154211
4.230000	0.152957
4.240000	0.151709
4.250000	0.150467
4.260000	0.149231
4.270000	0.148001
4.280000	0.146777
4.290000	0.145559
4.300000	0.144347
4.310000	0.143142
4.320000	0.141943
4.330000	0.140750
4.340000	0.139563
4.350000	0.138383
4.360000	0.137209
4.370000	0.136042
4.380000	0.134881
4.390000	0.133726
4.400000	0.132578
4.410000	0.131436
4.420000	0.130301
4.430000	0.129172
4.440000	0.128050
4.450000	0.126934
4.460000	0.125825
4.470000	0.124722
4.480000	0.123626
4.490000	0.122537
4.500000	0.121454
4.510000	0.120377
4.520000	0.119308
4.530000	0.118245
4.540000	0.117188
4.550000	0.116138
4.560000	0.115095
4.570000	0.114059
4.580000	0.113029
4.590000	0.112005
4.600000	0.110989
4.610000	0.109979
4.620000	0.108975
4.630000	0.107978
4.640000	0.106988
4.650000	0.106005
4.660000	0.105028
4.670000	0.104057
4.680000	0.103094
4.690000	0.102136
4.700000	0.101186
4.710000	0.100242
4.720000	0.099304
4.730000	0.098374
4.740000	0.097449
4.750000	0.096532
4.760000	0.095620
4.770000	0.094716
4.780000	0.093817
4.790000	0.092926
4.800000	0.092040
4.810000	0.091161
4.820000	0.090289
4.830000	0.089423
4.840000	0.088564
4.850000	0.087710
4.860000	0.086864
4.870000	0.086023
4.880000	0.085189
4.890000	0.084361
4.900000	0.083540
4.910000	0.082725
4.920000	0.081916
4.930000	0.081113
4.940000	0.080316
4.950000	0.079526
4.960000	0.078742
4.970000	0.077964
4.980000	0.077192
4.990000	0.076426
5.000000	0.075667
5.010000	0.074913
5.020000	0.074165
5.030000	0.073424
5.040000	0.072688
5.050000	0.071958
5.060000	0.071235
5.070000	0.070517
5.080000	0.069805
5.090000	0.069099
5.100000	0.068398
5.110000	0.067704
5.120000	0.067015
5.130000	0.066332
5.140000	0.065655
5.150000	0.064983
5.160000	0.064317
5.170000	0.063657
5.180000	0.063002
5.190000	0.062353
5.200000	0.061710
5.210000	0.061072
5.220000	0.060439
5.230000	0.059812
5.240000	0.059190
5.250000	0.058574
5.260000	0.057963
5.270000	0.057357
5.280000	0.056757
5.290000	0.056162
5.300000	0.055572
5.310000	0.054987
5.320000	0.054408
5.330000	0.053834
5.340000	0.053265
5.350000	0.052701
5.360000	0.052142
5.370000	0.051588
5.380000	0.051039
5.390000	0.050495
5.400000	0.049956
5.410000	0.049422
5.420000	0.048893
5.430000	0.048368
5.440000	0.047849
5.450000	0.047334
5.460000	0.046824
5.470000	0.046318
5.480000	0.045818
5.490000	0.045322
5.500000	0.044830
5.510000	0.044344
5.520000	0.043861
5.530000	0.043384
5.540000	0.042911
5.550000	0.042442
5.560000	0.041978
5.570000	0.041518
5.580000	0.041062
5.590000	0.040611
5.600000	0.040164
5.610000	0.039722
5.620000	0.039284
5.630000	0.038849
5.640000	0.038420
5.650000	0.037994
5.660000	0.037572
5.670000	0.037155
5.680000	0.036741
5.690000	0.036332
5.700000	0.035927
5.710000	0.035525
5.720000	0.035128
5.730000	0.034734
5.740000	0.034345
5.750000	0.033959
5.760000	0.033577
5.770000	0.033199
5.780000	0.032824
5.790000	0.032453
5.800000	0.032087
5.810000	0.031723
5.820000	0.031364
5.830000	0.031008
5.840000	0.030655
5.850000	0.030306
5.860000	0.029961
5.870000	0.029619
5.880000	0.029281
5.890000	0.028946
5.900000	0.028614
5.910000	0.028286
5.920000	0.027962
5.930000	0.027640
5.940000	0.027322
5.950000	0.027007
5.960000	0.026696
5.970000	0.026387
5.980000	0.026082
5.990000	0.025780
6.000000	0.025481
6.010000	0.025186
6.020000	0.024893
6.030000	0.024603
6.040000	0.024317
6.050000	0.024033
6.060000	0.023753
6.070000	0.023475
6.080000	0.023200
6.090000	0.022929
6.100000	0.022660
6.110000	0.022394
6.120000	0.022131
6.130000	0.021870
6.140000	0.021612
6.150000	0.021358
6.160000	0.021105
6.170000	0.020856
6.180000	0.020609
6.190000	0.020365
6.200000	0.020124
6.210000	0.019885
6.220000	0.019648
6.230000	0.019415
6.240000	0.019183
6.250000	0.018955
6.260000	0.018729
6.270000	0.018505
6.280000	0.018283
6.290000	0.018065
6.300000	0.017848
6.310000	0.017634
6.320000	0.017422
6.330000	0.017213
6.340000	0.017006
6.350000	0.016801
6.360000	0.016598
6.370000	0.016398
6.380000	0.016200
6.390000	0.016004
6.400000	0.015810
6.410000	0.015618
6.420000	0.015429
6.430000	0.015241
6.440000	0.015056
6.450000	0.014873
6.460000	0.014692
6.470000	0.014513
6.480000	0.014336
6.490000	0.014161
6.500000	0.013987
6.510000	0.013816
6.520000	0.013647
6.530000	0.013480
6.540000	0.013314
6.550000	0.013151
6.560000	0.012989
6.570000	0.012829
6.580000	0.012671
6.590000	0.012515
6.600000	0.012360
6.610000	0.012208
6.620000	0.012057
6.630000	0.011908
6.640000	0.011760
6.650000	0.011614
6.660000	0.011470
6.670000	0.011328
6.680000	0.011187
6.690000	0.011048
6.700000	0.010910
6.710000	0.010774
6.720000	0.010640
6.730000	0.010507
6.740000	0.010375
6.750000	0.010246
6.760000	0.010117
6.770000	0.009991
6.780000	0.009865
6.790000	0.009742
6.800000	0.009619
6.810000	0.009498
6.820000	0.009379
6.830000	0.009261
6.840000	0.009144
6.850000	0.009029
6.860000	0.008915
6.870000	0.008802
6.880000	0.008691
6.890000	0.008581
6.900000	0.008472
6.910000	0.008364
6.920000	0.008258
6.930000	0.008153
6.940000	0.008050
6.950000	0.007947
6.960000	0.007846
6.970000	0.007746
6.980000	0.007648
6.990000	0.007550
7.000000	0.007454
7.010000	0.007358
7.020000	0.007264
7.030000	0.007171
7.040000	0.007079
7.050000	0.006989
7.060000	0.006899
7.070000	0.006810
7.080000	0.006723
7.090000	0.006636
7.100000	0.006551
7.110000	0.006467
7.120000	0.006383
7.130000	0.006301
7.140000	0.006220
7.150000	0.006139
7.160000	0.006060
7.170000	0.005982
7.180000	0.005904
7.190000	0.005828
7.200000	0.005752
7.210000	0.005677
7.220000	0.005604
7.230000	0.005531
7.240000	0.005459
7.250000	0.005388
7.260000	0.005318
7.270000	0.005248
7.280000	0.005180
7.290000	0.005112
7.300000	0.005046
7.310000	0.004980
7.320000	0.004915
7.330000	0.004850
7.340000	0.004787
7.350000	0.004724
7.360000	0.004662
7.370000	0.004601
7.380000	0.004540
7.390000	0.004481
7.400000	0.004422
7.410000	0.004364
7.420000	0.004306
7.430000	0.004249
7.440000	0.004193
7.450000	0.004138
7.460000	0.004083
7.470000	0.004029
7.480000	0.003976
7.490000	0.003924
7.500000	0.003872
7.510000	0.003820
7.520000	0.003770
7.530000	0.003720
7.540000	0.003670
7.550000	0.003621
7.560000	0.003573
7.570000	0.003526
7.580000	0.003479
7.590000	0.003433
7.600000	0.003387
7.610000	0.003342
7.620000	0.003297
7.630000	0.003253
7.640000	0.003210
7.650000	0.003167
7.660000	0.003124
7.670000	0.003082
7.680000	0.003041
7.690000	0.003000
7.700000	0.002960
7.710000	0.002920
7.720000	0.002881
7.730000	0.002843
7.740000	0.002804
7.750000	0.002767
7.760000	0.002729
7.770000	0.002693
7.780000	0.002656
7.790000	0.002620
7.800000	0.002585
7.810000	0.002550
7.820000	0.002516
7.830000	0.002482
7.840000	0.002448
7.850000	0.002415
7.860000	0.002382
7.870000	0.002350
7.880000	0.002318
7.890000	0.002287
7.900000	0.002256
7.910000	0.002225
7.920000	0.002195
7.930000	0.002165
7.940000	0.002136
7.950000	0.002106
7.960000	0.002078
7.970000	0.002049
7.980000	0.002021
7.990000	0.001994
8.000000	0.001967
8.010000	0.001940
8.020000	0.001913
8.030000	0.001887
8.040000	0.001861
8.050000	0.001836
8.060000	0.001811
8.070000	0.001786
8.080000	0.001761
8.090000	0.001737
8.100000	0.001713
8.110000	0.001690
8.120000	0.001667
8.130000	0.001644
8.140000	0.001621
8.150000	0.001599
8.160000	0.001577
8.170000	0.001555
8.180000	0.001534
8.190000	0.001512
8.200000	0.001492
8.210000	0.001471
8.220000	0.001451
8.230000	0.001431
8.240000	0.001411
8.250000	0.001391
8.260000	0.001372
8.270000	0.001353
8.280000	0.001334
8.290000	0.001316
8.300000	0.001297
8.310000	0.001279
8.320000	0.001262
8.330000	0.001244
8.340000	0.001227
8.350000	0.001210
8.360000	0.001193
8.370000	0.001176
8.380000	0.001160
8.390000	0.001144
8.400000	0.001128
8.410000	0.001112
8.420000	0.001097
8.430000	0.001081
8.440000	0.001066
8.450000	0.001051
8.460000	0.001037
8.470000	0.001022
8.480000	0.001008
8.490000	0.000994
8.500000	0.000980
8.510000	0.000966
8.520000	0.000952
8.530000	0.000939
8.540000	0.000926
8.550000	0.000913
8.560000	0.000900
8.570000	0.000887
8.580000	0.000875
8.590000	0.000863
8.600000	0.000850
8.610000	0.000838
8.620000	0.000827
8.630000	0.000815
8.640000	0.000803
8.650000	0.000792
8.660000	0.000781
8.670000	0.000770
8.680000	0.000759
8.690000	0.000748
8.700000	0.000738
8.710000	0.000727
8.720000	0.000717
8.730000	0.000707
8.740000	0.000697
8.750000	0.000687
8.760000	0.000677
8.770000	0.000668
8.780000	0.000658
8.790000	0.000649
8.800000	0.000639
8.810000	0.000630
8.820000	0.000621
8.830000	0.000613
8.840000	0.000604
8.850000	0.000595
8.860000	0.000587
8.870000	0.000578
8.880000	0.000570
8.890000	0.000562
8.900000	0.000554
8.910000	0.000546
8.920000	0.000538
8.930000	0.000531
8.940000	0.000523
8.950000	0.000516
8.960000	0.000508
8.970000	0.000501
8.980000	0.000494
8.990000	0.000487
9.000000	0.000480
9.010000	0.000473
9.020000	0.000466
9.030000	0.000459
9.040000	0.000453
9.050000	0.000446
9.060000	0.000440
9.070000	0.000433
9.080000	0.000427
9.090000	0.000421
9.100000	0.000415
9.110000	0.000409
9.120000	0.000403
9.130000	0.000397
9.140000	0.000392
9.150000	0.000386
9.160000	0.000380
9.170000	0.000375
9.180000	0.000369
9.190000	0.000364
9.200000	0.000359
9.210000	0.000354
9.220000	0.000349
9.230000	0.000344
9.240000	0.000339
9.250000	0.000334
9.260000	0.000329
9.270000	0.000324
9.280000	0.000319
9.290000	0.000315
9.300000	0.000310
9.310000	0.000306
9.320000	0.000301
9.330000	0.000297
9.340000	0.000292
9.350000	0.000288
9.360000	0.000284
9.370000	0.000280
9.380000	0.000276
9.390000	0.000272
9.400000	0.000268
9.410000	0.000264
9.420000	0.000260
9.430000	0.000256
9.440000	0.000253
9.450000	0.000249
9.460000	0.000245
9.470000	0.000242
9.480000	0.000238
9.490000	0.000235
9.500000	0.000231
9.510000	0.000228
9.520000	0.000225
9.530000	0.000221
9.540000	0.000218
9.550000	0.000215
9.560000	0.000212
9.570000	0.000209
9.580000	0.000205
9.590000	0.000202
9.600000	0.000199
9.610000	0.000197
9.620000	0.000194
9.630000	0.000191
9.640000	0.000188
9.650000	0.000185
9.660000	0.000183
9.670000	0.000180
9.680000	0.000177
9.690000	0.000175
9.700000	0.000172
9.710000	0.000169
9.720000	0.000167
9.730000	0.000165
9.740000	0.000162
9.750000	0.000160
9.760000	0.000157
9.770000	0.000155
9.780000	0.000153
9.790000	0.000150
9.800000	0.000148
9.810000	0.000146
9.820000	0.000144
9.830000	0.000142
9.840000	0.000140
9.850000	0.000138
9.860000	0.000136
9.870000	0.000134
9.880000	0.000132
9.890000	0.000130
9.900000	0.000128
9.910000	0.000126
9.920000	0.000124
9.930000	0.000122
9.940000	0.000120
9.950000	0.000118
9.960000	0.000117
9.970000	0.000115
9.980000	0.000113
9.990000	0.000112
10.000000	0.000110
10.010000	0.000108
10.020000	0.000107
10.030000	0.000105
10.040000	0.000104
10.050000	0.000102
10.060000	0.000100
10.070000	0.000099
10.080000	0.000097
10.090000	0.000096
10.100000	0.000095
10.110000	0.000093
10.120000	0.000092
10.130000	0.000090
10.140000	0.000089
10.150000	0.000088
10.160000	0.000086
10.170000	0.000085
10.180000	0.000084
10.190000	0.000083
10.200000	0.000081
10.210000	0.000080
10.220000	0.000079
10.230000	0.000078
10.240000	0.000077
10.250000	0.000075
10.260000	0.000074
10.270000	0.000073
10.280000	0.000072
10.290000	0.000071
10.300000	0.000070
10.310000	0.000069
10.320000	0.000068
10.330000	0.000067
10.340000	0.000066
10.350000	0.000065
10.360000	0.000064
10.370000	0.000063
10.380000	0.000062
10.390000	0.000061
10.400000	0.000060
10.410000	0.000059
10.420000	0.000058
10.430000	0.000057
10.440000	0.000057
10.450000	0.000056
10.460000	0.000055
10.470000	0.000054
10.480000	0.000053
10.490000	0.000052
10.500000	0.000052
10.510000	0.000051
10.520000	0.000050
10.530000	0.000049
10.540000	0.000049
10.550000	0.000048
10.560000	0.000047
10.570000	0.000046
10.580000	0.000046
10.590000	0.000045
10.600000	0.000044
10.610000	0.000044
10.620000	0.000043
10.630000	0.000042
10.640000	0.000042
10.650000	0.000041
10.660000	0.000040
10.670000	0.000040
10.680000	0.000039
10.690000	0.000039
10.700000	0.000038
10.710000	0.000037
10.720000	0.000037
10.730000	0.000036
10.740000	0.000036
10.750000	0.000035
10.760000	0.000035
10.770000	0.000034
10.780000	0.000034
10.790000	0.000033
10.800000	0.000033
10.810000	0.000032
10.820000	0.000032
10.830000	0.000031
10.840000	0.000031
10.850000	0.000030
10.860000	0.000030
10.870000	0.000029
10.880000	0.000029
10.890000	0.000028
10.900000	0.000028
10.910000	0.000028
10.920000	0.000027
10.930000	0.000027
10.940000	0.000026
10.950000	0.000026
10.960000	0.000025
10.970000	0.000025
10.980000	0.000025
10.990000	0.000024
11.000000	0.000024
11.010000	0.000024
11.020000	0.000023
11.030000	0.000023
11.040000	0.000023
11.050000	0.000022
11.060000	0.000022
11.070000	0.000022
11.080000	0.000021
11.090000	0.000021
11.100000	0.000021
11.110000	0.000020
11.120000	0.000020
11.130000	0.000020
11.140000	0.000019
11.150000	0.000019
11.160000	0.000019
11.170000	0.000018
11.180000	0.000018
11.190000	0.000018
11.200000	0.000018
11.210000	0.000017
11.220000	0.000017
11.230000	0.000017
11.240000	0.000017
11.250000	0.000016
11.260000	0.000016
11.270000	0.000016
11.280000	0.000016
11.290000	0.000015
11.300000	0.000015
11.310000	0.000015
11.320000	0.000015
11.330000	0.000014
11.340000	0.000014
11.350000	0.000014
11.360000	0.000014
11.370000	0.000013
11.380000	0.000013
11.390000	0.000013
11.400000	0.000013
11.410000	0.000013
11.420000	0.000012
11.430000	0.000012
11.440000	0.000012
11.450000	0.000012
11.460000	0.000012
11.470000	0.000012
11.480000	0.000011
11.490000	0.000011
11.500000	0.000011
11.510000	0.000011
11.520000	0.000011
11.530000	0.000011
11.540000	0.000010
11.550000	0.000010
11.560000	0.000010
11.570000	0.000010
11.580000	0.000010
11.590000	0.000010
11.600000	0.000009
11.610000	0.000009
11.620000	0.000009
11.630000	0.000009
11.640000	0.000009
11.650000	0.000009
11.660000	0.000009
11.670000	0.000008
11.680000	0.000008
11.690000	0.000008
11.700000	0.000008
11.710000	0.000008
11.720000	0.000008
11.730000	0.000008
11.740000	0.000008
11.750000	0.000007
11.760000	0.000007
11.770000	0.000007
11.780000	0.000007
11.790000	0.000007
11.800000	0.000007
11.810000	0.000007
11.820000	0.000007
11.830000	0.000007
11.840000	0.000006
11.850000	0.000006
11.860000	0.000006
11.870000	0.000006
11.880000	0.000006
11.890000	0.000006
11.900000	0.000006
11.910000	0.000006
11.920000	0.000006
11.930000	0.000006
11.940000	0.000006
11.950000	0.000005
11.960000	0.000005
11.970000	0.000005
11.980000	0.000005
11.990000	0.000005
12.000000	0.000005
12.010000	0.000005
12.020000	0.000005
12.030000	0.000005
12.040000	0.000005
12.050000	0.000005
12.060000	0.000005
12.070000	0.000004
12.080000	0.000004
12.090000	0.000004
12.100000	0.000004
12.110000	0.000004
12.120000	0.000004
12.130000	0.000004
12.140000	0.000004
12.150000	0.000004
12.160000	0.000004
12.170000	0.000004
12.180000	0.000004
12.190000	0.000004
12.200000	0.000004
12.210000	0.000004
12.220000	0.000004
12.230000	0.000003
12.240000	0.000003
12.250000	0.000003
12.260000	0.000003
12.270000	0.000003
12.280000	0.000003
12.290000	0.000003
12.300000	0.000003
12.310000	0.000003
12.320000	0.000003
12.330000	0.000003
12.340000	0.000003
12.350000	0.000003
12.360000	0.000003
12.370000	0.000003
12.380000	0.000003
12.390000	0.000003
12.400000	0.000003
12.410000	0.000003
12.420000	0.000003
12.430000	0.000003
12.440000	0.000002
12.450000	0.000002
12.460000	0.000002
12.470000	0.000002
12.480000	0.000002
12.490000	0.000002
12.500000	0.000002
12.510000	0.000002
12.520000	0.000002
12.530000	0.000002
12.540000	0.000002
12.550000	0.000002
12.560000	0.000002
12.570000	0.000002
12.580000	0.000002
12.590000	0.000002
12.600000	0.000002
12.610000	0.000002
12.620000	0.000002
12.630000	0.000002
12.640000	0.000002
12.650000	0.000002
12.660000	0.000002
12.670000	0.000002
12.680000	0.000002
12.690000	0.000002
12.700000	0.000002
12.710000	0.000002
12.720000	0.000002
12.730000	0.000002
12.740000	0.000002
12.750000	0.000002
12.760000	0.000001
12.770000	0.000001
12.780000	0.000001
12.790000	0.000001
12.800000	0.000001
12.810000	0.000001
12.820000	0.000001
12.830000	0.000001
12.840000	0.000001
12.850000	0.000001
12.860000	0.000001
12.870000	0.000001
12.880000	0.000001
12.890000	0.000001
12.900000	0.000001
12.910000	0.000001
12.920000	0.000001
12.930000	0.000001
12.940000	0.000001
12.950000	0.000001
12.960000	0.000001
12.970000	0.000001
12.980000	0.000001
12.990000	0.000001
13.000000	0.000001
13.010000	0.000001
13.020000	0.000001
13.030000	0.000001
13.040000	0.000001
13.050000	0.000001
13.060000	0.000001
13.070000	0.000001
13.080000	0.000001
13.090000	0.000001
13.100000	0.000001
13.110000	0.000001
13.120000	0.000001
13.130000	0.000001
13.140000	0.000001
13.150000	0.000001
13.160000	0.000001
13.170000	0.000001
13.180000	0.000001
13.190000	0.000001
13.200000	0.000001
13.210000	0.000001
13.220000	0.000001
13.230000	0.000001
13.240000	0.000001
13.250000	0.000001
13.260000	0.000001
13.270000	0.000001
13.280000	0.000001
13.290000	0.000001
13.300000	0.000001
13.310000	0.000001
13.320000	0.000001
13.330000	0.000001
13.340000	0.000001
13.350000	0.000001
13.360000	0.000001
13.370000	0.000001
13.380000	0.000001
13.390000	0.000001
13.400000	0.000001
13.410000	0.000001
13.420000	0.000001
13.430000	0.000001
13.440000	0.000000
13.450000	0.000000
13.460000	0.000000
13.470000	0.000000
13.480000	0.000000
13.490000	0.000000
13.500000	0.000000
13.510000	0.000000
13.520000	0.000000
13.530000	0.000000
13.540000	0.000000
13.550000	0.000000
13.560000	0.000000
13.570000	0.000000
13.580000	0.000000
13.590000	0.000000
13.600000	0.000000
13.610000	0.000000
13.620000	0.000000
13.630000	0.000000
13.640000	0.000000
13.650000	0.000000
13.660000	0.000000
13.670000	0.000000
13.680000	0.000000
13.690000	0.000000
13.700000	0.000000
13.710000	0.000000
13.720000	0.000000
13.730000	0.000000
13.740000	0.000000
13.750000	0.000000
13.760000	0.000000
13.770000	0.000000
13.780000	0.000000
13.790000	0.000000
13.800000	0.000000
13.810000	0.000000
13.820000	0.000000
13.830000	0.000000
13.840000	0.000000
13.850000	0.000000
13.860000	0.000000
13.870000	0.000000
13.880000	0.000000
13.890000	0.000000
13.900000	0.000000
13.910000	0.000000
13.920000	0.000000
13.930000	0.000000
13.940000	0.000000
13.950000	0.000000
13.960000	0.000000
13.970000	0.000000
13.980000	0.000000
13.990000	0.000000
14.000000	0.000000
14.010000	0.000000
14.020000	0.000000
14.030000	0.000000
14.040000	0.000000
14.050000	0.000000
14.060000	0.000000
14.070000	0.000000
14.080000	0.000000
14.090000	0.000000
14.100000	0.000000
14.110000	0.000000
14.120000	0.000000
14.130000	0.000000
14.140000	0.000000
14.150000	0.000000
14.160000	0.000000
14.170000	0.000000
14.180000	0.000000
14.190000	0.000000
14.200000	0.000000
14.210000	0.000000
14.220000	0.000000
14.230000	0.000000
14.240000	0.000000
14.250000	0.000000
14.260000	0.000000
14.270000	0.000000
14.280000	0.000000
14.290000	0.000000
14.300000	0.000000
14.310000	0.000000
14.320000	0.000000
14.330000	0.000000
14.340000	0.000000
14.350000	0.000000
14.360000	0.000000
14.370000	0.000000
14.380000	0.000000
14.390000	0.000000
14.400000	0.000000
14.410000	0.000000
14.420000	0.000000
14.430000	0.000000
14.440000	0.000000
14.450000	0.000000
14.460000	0.000000
14.470000	0.000000
14.480000	0.000000
14.490000	0.000000
14.500000	0.000000
14.510000	0.000000
14.520000	0.000000
14.530000	0.000000
14.540000	0.000000
14.550000	0.000000
14.560000	0.000000
14.570000	0.000000
14.580000	0.000000
14.590000	0.000000
14.600000	0.000000
14.610000	0.000000
14.620000	0.000000
14.630000	0.000000
14.640000	0.000000
14.650000	0.000000
14.660000	0.000000
14.670000	0.000000
14.680000	0.000000
14.690000	0.000000
14.700000	0.000000
14.710000	0.000000
14.720000	0.000000
14.730000	0.000000
14.740000	0.000000
14.750000	0.000000
14.760000	0.000000
14.770000	0.000000
14.780000	0.000000
14.790000	0.000000
14.800000	0.000000
14.810000	0.000000
14.820000	0.000000
14.830000	0.000000
14.840000	0.000000
14.850000	0.000000
14.860000	0.000000
14.870000	0.000000
14.880000	0.000000
14.890000	0.000000
14.900000	0.000000
14.910000	0.000000
14.920000	0.000000
14.930000	0.000000
14.940000	0.000000
14.950000	0.000000
14.960000	0.000000
14.970000	0.000000
14.980000	0.000000
14.990000	0.000000
15.000000	0.000000
15.010000	0.000000
15.020000	0.000000
15.030000	0.000000
15.040000	0.000000
15.050000	0.000000
15.060000	0.000000
15.070000	0.000000
15.080000	0.000000
15.090000	0.000000
15.100000	0.000000
15.110000	0.000000
15.120000	0.000000
15.130000	0.000000
15.140000	0.000000
15.150000	0.000000
15.160000	0.000000
15.170000	0.000000
15.180000	0.000000
15.190000	0.000000
15.200000	0.000000
15.210000	0.000000
15.220000	0.000000
15.230000	0.000000
15.240000	0.000000
15.250000	0.000000
15.260000	0.000000
15.270000	0.000000
15.280000	0.000000
15.290000	0.000000
15.300000	0.000000
15.310000	0.000000
15.320000	0.000000
15.330000	0.000000
15.340000	0.000000
15.350000	0.000000
15.360000	0.000000
15.370000	0.000000
15.380000	0.000000
15.390000	0.000000
15.400000	0.000000
15.410000	0.000000
15.420000	0.000000
15.430000	0.000000
15.440000	0.000000
15.450000	0.000000
15.460000	0.000000
15.470000	0.000000
15.480000	0.000000
15.490000	0.000000
15.500000	0.000000
15.510000	0.000000
15.520000	0.000000
15.530000	0.000000
15.540000	0.000000
15.550000	0.000000
15.560000	0.000000
15.570000	0.000000
15.580000	0.000000
15.590000	0.000000
15.600000	0.000000
15.610000	0.000000
15.620000	0.000000
15.630000	0.000000
15.640000	0.000000
15.650000	0.000000
15.660000	0.000000
15.670000	0.000000
15.680000	0.000000
15.690000	0.000000
15.700000	0.000000
15.710000	0.000000
15.720000	0.000000
15.730000	0.000000
15.740000	0.000000
15.750000	0.000000
15.760000	0.000000
15.770000	0.000000
15.780000	0.000000
15.790000	0.000000
15.800000	0.000000
15.810000	0.000000
15.820000	0.000000
15.830000	0.000000
15.840000	0.000000
15.850000	0.000000
15.860000	0.000000
15.870000	0.000000
15.880000	0.000000
15.890000	0.000000
15.900000	0.000000
15.910000	0.000000
15.920000	0.000000
15.930000	0.000000
15.940000	0.000000
15.950000	0.000000
15.960000	0.000000
15.970000	0.000000
15.980000	0.000000
15.990000	0.000000
16.000000	0.000000
16.010000	0.000000
16.020000	0.000000
16.030000	0.000000
16.040000	0.000000
16.050000	0.000000
16.060000	0.000000
16.070000	0.000000
16.080000	0.000000
16.090000	0.000000
16.100000	0.000000
16.110000	0.000000
16.120000	0.000000
16.130000	0.000000
16.140000	0.000000
16.150000	0.000000
16.160000	0.000000
16.170000	0.000000
16.180000	0.000000
16.190000	0.000000
16.200000	0.000000
16.210000	0.000000
16.220000	0.000000
16.230000	0.000000
16.240000	0.000000
16.250000	0.000000
16.260000	0.000000
16.270000	0.000000
16.280000	0.000000
16.290000	0.000000
16.300000	0.000000
16.310000	0.000000
16.320000	0.000000
16.330000	0.000000
16.340000	0.000000
16.350000	0.000000
16.360000	0.000000
16.370000	0.000000
16.380000	0.000000
16.390000	0.000000
16.400000	0.000000
16.410000	0.000000
16.420000	0.000000
16.430000	0.000000
16.440000	0.000000
16.450000	0.000000
16.460000	0.000000
16.470000	0.000000
16.480000	0.000000
16.490000	0.000000
16.500000	0.000000
16.510000	0.000000
16.520000	0.000000
16.530000	0.000000
16.540000	0.000000
16.550000	0.000000
16.560000	0.000000
16.570000	0.000000
16.580000	0.000000
16.590000	0.000000
16.600000	0.000000
16.610000	0.000000
16.620000	0.000000
16.630000	0.000000
16.640000	0.000000
16.650000	0.000000
16.660000	0.000000
16.670000	0.000000
16.680000	0.000000
16.690000	0.000000
16.700000	0.000000
16.710000	0.000000
16.720000	0.000000
16.730000	0.000000
16.740000	0.000000
16.750000	0.000000
16.760000	0.000000
16.770000	0.000000
16.780000	0.000000
16.790000	0.000000
16.800000	0.000000
16.810000	0.000000
16.820000	0.000000
16.830000	0.000000
16.840000	0.000000
16.850000	0.000000
16.860000	0.000000
16.870000	0.000000
16.880000	0.000000
16.890000	0.000000
16.900000	0.000000
16.910000	0.000000
16.920000	0.000000
16.930000	0.000000
16.940000	0.000000
16.950000	0.000000
16.960000	0.000000
16.970000	0.000000
16.980000	0.000000
16.990000	0.000000
17.000000	0.000000
17.010000	0.000000
17.020000	0.000000
17.030000	0.000000
17.040000	0.000000
17.050000	0.000000
17.060000	0.000000
17.070000	0.000000
17.080000	0.000000
17.090000	0.000000
17.100000	0.000000
17.110000	0.000000
17.120000	0.000000
17.130000	0.000000
17.140000	0.000000
17.150000	0.000000
17.160000	0.000000
17.170000	0.000000
17.180000	0.000000
17.190000	0.000000
17.200000	0.000000
17.210000	0.000000
17.220000	0.000000
17.230000	0.000000
17.240000	0.000000
17.250000	0.000000
17.260000	0.000000
17.270000	0.000000
17.280000	0.000000
17.290000	0.000000
17.300000	0.000000
17.310000	0.000000
17.320000	0.000000
17.330000	0.000000
17.340000	0.000000
17.350000	0.000000
17.360000	0.000000
17.370000	0.000000
17.380000	0.000000
17.390000	0.000000
17.400000	0.000000
17.410000	0.000000
17.420000	0.000000
17.430000	0.000000
17.440000	0.000000
17.450000	0.000000
17.460000	0.000000
17.470000	0.000000
17.480000	0.000000
17.490000	0.000000
17.500000	0.000000
17.510000	0.000000
17.520000	0.000000
17.530000	0.000000
17.540000	0.000000
17.550000	0.000000
17.560000	0.000000
17.570000	0.000000
17.580000	0.000000
17.590000	0.000000
17.600000	0.000000
17.610000	0.000000
17.620000	0.000000
17.630000	0.000000
17.640000	0.000000
17.650000	0.000000
17.660000	0.000000
17.670000	0.000000
17.680000	0.000000
17.690000	0.000000
17.700000	0.000000
17.710000	0.000000
17.720000	0.000000
17.730000	0.000000
17.740000	0.000000
17.750000	0.000000
17.760000	0.000000
17.770000	0.000000
17.780000	0.000000
17.790000	0.000000
17.800000	0.000000
17.810000	0.000000
17.820000	0.000000
17.830000	0.000000
17.840000	0.000000
17.850000	0.000000
17.860000	0.000000
17.870000	0.000000
17.880000	0.000000
17.890000	0.000000
17.900000	0.000000
17.910000	0.000000
17.920000	0.000000
17.930000	0.000000
17.940000	0.000000
17.950000	0.000000
17.960000	0.000000
17.970000	0.000000
17.980000	0.000000
17.990000	0.000000
18.000000	0.000000
18.010000	0.000000
18.020000	0.000000
18.030000	0.000000
18.040000	0.000000
18.050000	0.000000
18.060000	0.000000
18.070000	0.000000
18.080000	0.000000
18.090000	0.000000
18.100000	0.000000
18.110000	0.000000
18.120000	0.000000
18.130000	0.000000
18.140000	0.000000
18.150000	0.000000
18.160000	0.000000
18.170000	0.000000
18.180000	0.000000
18.190000	0.000000
18.200000	0.000000
18.210000	0.000000
18.220000	0.000000
18.230000	0.000000
18.240000	0.000000
18.250000	0.000000
18.260000	0.000000
18.270000	0.000000
18.280000	0.000000
18.290000	0.000000
18.300000	0.000000
18.310000	0.000000
18.320000	0.000000
18.330000	0.000000
18.340000	0.000000
18.350000	0.000000
18.360000	0.000000
18.370000	0.000000
18.380000	0.000000
18.390000	0.000000
18.400000	0.000000
18.410000	0.000000
18.420000	0.000000
18.430000	0.000000
18.440000	0.000000
18.450000	0.000000
18.460000	0.000000
18.470000	0.000000
18.480000	0.000000
18.490000	0.000000
18.500000	0.000000
18.510000	0.000000
18.520000	0.000000
18.530000	0.000000
18.540000	0.000000
18.550000	0.000000
18.560000	0.000000
18.570000	0.000000
18.580000	0.000000
18.590000	0.000000
18.600000	0.000000
18.610000	0.000000
18.620000	0.000000
18.630000	0.000000
18.640000	0.000000
18.650000	0.000000
18.660000	0.000000
18.670000	0.000000
18.680000	0.000000
18.690000	0.000000
18.700000	0.000000
18.710000	0.000000
18.720000	0.000000
18.730000	0.000000
18.740000	0.000000
18.750000	0.000000
18.760000	0.000000
18.770000	0.000000
18.780000	0.000000
18.790000	0.000000
18.800000	0.000000
18.810000	0.000000
18.820000	0.000000
18.830000	0.000000
18.840000	0.000000
18.850000	0.000000
18.860000	0.000000
18.870000	0.000000
18.880000	0.000000
18.890000	0.000000
18.900000	0.000000
18.910000	0.000000
18.920000	0.000000
18.930000	0.000000
18.940000	0.000000
18.950000	0.000000
18.960000	0.000000
18.970000	0.000000
18.980000	0.000000
18.990000	0.000000
19.000000	0.000000
19.010000	0.000000
19.020000	0.000000
19.030000	0.000000
19.040000	0.000000
19.050000	0.000000
19.060000	0.000000
19.070000	0.000000
19.080000	0.000000
19.090000	0.000000
19.100000	0.000000
19.110000	0.000000
19.120000	0.000000
19.130000	0.000000
19.140000	0.000000
19.150000	0.000000
19.160000	0.000000
19.170000	0.000000
19.180000	0.000000
19.190000	0.000000
19.200000	0.000000
19.210000	0.000000
19.220000	0.000000
19.230000	0.000000
19.240000	0.000000
19.250000	0.000000
19.260000	0.000000
19.270000	0.000000
19.280000	0.000000
19.290000	0.000000
19.300000	0.000000
19.310000	0.000000
19.320000	0.000000
19.330000	0.000000
19.340000	0.000000
19.350000	0.000000
19.360000	0.000000
19.370000	0.000000
19.380000	0.000000
19.390000	0.000000
19.400000	0.000000
19.410000	0.000000
19.420000	0.000000
19.430000	0.000000
19.440000	0.000000
19.450000	0.000000
19.460000	0.000000
19.470000	0.000000
19.480000	0.000000
19.490000	0.000000
19.500000	0.000000
19.510000	0.000000
19.520000	0.000000
19.530000	0.000000
19.540000	0.000000
19.550000	0.000000
19.560000	0.000000
19.570000	0.000000
19.580000	0.000000
19.590000	0.000000
19.600000	0.000000
19.610000	0.000000
19.620000	0.000000
19.630000	0.000000
19.640000	0.000000
19.650000	0.000000
19.660000	0.000000
19.670000	0.000000
19.680000	0.000000
19.690000	0.000000
19.700000	0.000000
19.710000	0.000000
19.720000	0.000000
19.730000	0.000000
19.740000	0.000000
19.750000	0.000000
19.760000	0.000000
19.770000	0.000000
19.780000	0.000000
19.790000	0.000000
19.800000	0.000000
19.810000	0.000000
19.820000	0.000000
19.830000	0.000000
19.840000	0.000000
19.850000	0.000000
19.860000	0.000000
19.870000	0.000000
19.880000	0.000000
19.890000	0.000000
19.900000	0.000000
19.910000	0.000000
19.920000	0.000000
19.930000	0.000000
19.940000	0.000000
19.950000	0.000000
19.960000	0.000000
19.970000	0.000000
19.980000	0.000000
19.990000	0.000000
