################################################################################
# Copyright (c) 2010, 2023 Contributors to the Eclipse Foundation
#
# See the NOTICE file(s) distributed with this work for additional
# information regarding copyright ownership.
#
# This program and the accompanying materials are made available under the terms
# of the MIT License which is available at https://opensource.org/licenses/MIT
#
# SPDX-License-Identifier: MIT
################################################################################

0.000000	0.000000
0.010000	0.000000
0.020000	0.000000
0.030000	0.000000
0.040000	0.000000
0.050000	0.000000
0.060000	0.000000
0.070000	0.000000
0.080000	0.000000
0.090000	0.000000
0.100000	0.000000
0.110000	0.000000
0.120000	0.000000
0.130000	0.000000
0.140000	0.000000
0.150000	0.000000
0.160000	0.000000
0.170000	0.000000
0.180000	0.000000
0.190000	0.000000
0.200000	0.000000
0.210000	0.000000
0.220000	0.000000
0.230000	0.000000
0.240000	0.000000
0.250000	0.000000
0.260000	0.000000
0.270000	0.000000
0.280000	0.000000
0.290000	0.000000
0.300000	0.000000
0.310000	0.000000
0.320000	0.000000
0.330000	0.000000
0.340000	0.000000
0.350000	0.000001
0.360000	0.000001
0.370000	0.000001
0.380000	0.000001
0.390000	0.000001
0.400000	0.000001
0.410000	0.000001
0.420000	0.000001
0.430000	0.000002
0.440000	0.000002
0.450000	0.000002
0.460000	0.000002
0.470000	0.000002
0.480000	0.000003
0.490000	0.000003
0.500000	0.000003
0.510000	0.000003
0.520000	0.000004
0.530000	0.000004
0.540000	0.000005
0.550000	0.000005
0.560000	0.000005
0.570000	0.000006
0.580000	0.000006
0.590000	0.000007
0.600000	0.000008
0.610000	0.000008
0.620000	0.000009
0.630000	0.000009
0.640000	0.000010
0.650000	0.000011
0.660000	0.000012
0.670000	0.000013
0.680000	0.000013
0.690000	0.000014
0.700000	0.000015
0.710000	0.000016
0.720000	0.000018
0.730000	0.000019
0.740000	0.000020
0.750000	0.000021
0.760000	0.000023
0.770000	0.000024
0.780000	0.000025
0.790000	0.000027
0.800000	0.000029
0.810000	0.000030
0.820000	0.000032
0.830000	0.000034
0.840000	0.000036
0.850000	0.000038
0.860000	0.000040
0.870000	0.000042
0.880000	0.000044
0.890000	0.000047
0.900000	0.000049
0.910000	0.000052
0.920000	0.000054
0.930000	0.000057
0.940000	0.000060
0.950000	0.000063
0.960000	0.000066
0.970000	0.000069
0.980000	0.000072
0.990000	0.000075
1.000000	0.000079
1.010000	0.000083
1.020000	0.000086
1.030000	0.000090
1.040000	0.000094
1.050000	0.000098
1.060000	0.000103
1.070000	0.000107
1.080000	0.000111
1.090000	0.000116
1.100000	0.000121
1.110000	0.000126
1.120000	0.000131
1.130000	0.000136
1.140000	0.000142
1.150000	0.000147
1.160000	0.000153
1.170000	0.000159
1.180000	0.000165
1.190000	0.000171
1.200000	0.000178
1.210000	0.000184
1.220000	0.000191
1.230000	0.000198
1.240000	0.000205
1.250000	0.000213
1.260000	0.000220
1.270000	0.000228
1.280000	0.000236
1.290000	0.000244
1.300000	0.000252
1.310000	0.000261
1.320000	0.000270
1.330000	0.000279
1.340000	0.000288
1.350000	0.000297
1.360000	0.000307
1.370000	0.000317
1.380000	0.000327
1.390000	0.000337
1.400000	0.000348
1.410000	0.000359
1.420000	0.000370
1.430000	0.000381
1.440000	0.000392
1.450000	0.000404
1.460000	0.000416
1.470000	0.000429
1.480000	0.000441
1.490000	0.000454
1.500000	0.000467
1.510000	0.000480
1.520000	0.000494
1.530000	0.000508
1.540000	0.000522
1.550000	0.000537
1.560000	0.000551
1.570000	0.000567
1.580000	0.000582
1.590000	0.000598
1.600000	0.000613
1.610000	0.000630
1.620000	0.000646
1.630000	0.000663
1.640000	0.000680
1.650000	0.000698
1.660000	0.000716
1.670000	0.000734
1.680000	0.000752
1.690000	0.000771
1.700000	0.000790
1.710000	0.000810
1.720000	0.000829
1.730000	0.000850
1.740000	0.000870
1.750000	0.000891
1.760000	0.000912
1.770000	0.000934
1.780000	0.000955
1.790000	0.000978
1.800000	0.001000
1.810000	0.001023
1.820000	0.001047
1.830000	0.001070
1.840000	0.001094
1.850000	0.001119
1.860000	0.001144
1.870000	0.001169
1.880000	0.001195
1.890000	0.001221
1.900000	0.001247
1.910000	0.001274
1.920000	0.001301
1.930000	0.001328
1.940000	0.001356
1.950000	0.001385
1.960000	0.001414
1.970000	0.001443
1.980000	0.001472
1.990000	0.001502
2.000000	0.001533
2.010000	0.001564
2.020000	0.001595
2.030000	0.001627
2.040000	0.001659
2.050000	0.001691
2.060000	0.001724
2.070000	0.001758
2.080000	0.001792
2.090000	0.001826
2.100000	0.001861
2.110000	0.001896
2.120000	0.001932
2.130000	0.001968
2.140000	0.002005
2.150000	0.002042
2.160000	0.002079
2.170000	0.002117
2.180000	0.002155
2.190000	0.002194
2.200000	0.002234
2.210000	0.002274
2.220000	0.002314
2.230000	0.002355
2.240000	0.002396
2.250000	0.002438
2.260000	0.002480
2.270000	0.002523
2.280000	0.002566
2.290000	0.002609
2.300000	0.002654
2.310000	0.002698
2.320000	0.002743
2.330000	0.002789
2.340000	0.002835
2.350000	0.002882
2.360000	0.002929
2.370000	0.002977
2.380000	0.003025
2.390000	0.003074
2.400000	0.003123
2.410000	0.003172
2.420000	0.003223
2.430000	0.003273
2.440000	0.003325
2.450000	0.003376
2.460000	0.003429
2.470000	0.003482
2.480000	0.003535
2.490000	0.003589
2.500000	0.003643
2.510000	0.003698
2.520000	0.003753
2.530000	0.003809
2.540000	0.003866
2.550000	0.003923
2.560000	0.003981
2.570000	0.004039
2.580000	0.004097
2.590000	0.004156
2.600000	0.004216
2.610000	0.004276
2.620000	0.004337
2.630000	0.004399
2.640000	0.004461
2.650000	0.004523
2.660000	0.004586
2.670000	0.004650
2.680000	0.004714
2.690000	0.004778
2.700000	0.004844
2.710000	0.004909
2.720000	0.004976
2.730000	0.005042
2.740000	0.005110
2.750000	0.005178
2.760000	0.005246
2.770000	0.005315
2.780000	0.005385
2.790000	0.005455
2.800000	0.005526
2.810000	0.005597
2.820000	0.005669
2.830000	0.005742
2.840000	0.005815
2.850000	0.005888
2.860000	0.005962
2.870000	0.006037
2.880000	0.006112
2.890000	0.006188
2.900000	0.006265
2.910000	0.006342
2.920000	0.006419
2.930000	0.006497
2.940000	0.006576
2.950000	0.006655
2.960000	0.006735
2.970000	0.006815
2.980000	0.006896
2.990000	0.006978
3.000000	0.007060
3.010000	0.007143
3.020000	0.007226
3.030000	0.007310
3.040000	0.007394
3.050000	0.007479
3.060000	0.007564
3.070000	0.007650
3.080000	0.007737
3.090000	0.007824
3.100000	0.007912
3.110000	0.008000
3.120000	0.008089
3.130000	0.008179
3.140000	0.008269
3.150000	0.008359
3.160000	0.008451
3.170000	0.008542
3.180000	0.008635
3.190000	0.008728
3.200000	0.008821
3.210000	0.008915
3.220000	0.009010
3.230000	0.009105
3.240000	0.009200
3.250000	0.009297
3.260000	0.009393
3.270000	0.009491
3.280000	0.009589
3.290000	0.009687
3.300000	0.009786
3.310000	0.009886
3.320000	0.009986
3.330000	0.010087
3.340000	0.010188
3.350000	0.010290
3.360000	0.010393
3.370000	0.010495
3.380000	0.010599
3.390000	0.010703
3.400000	0.010808
3.410000	0.010913
3.420000	0.011019
3.430000	0.011125
3.440000	0.011232
3.450000	0.011339
3.460000	0.011447
3.470000	0.011555
3.480000	0.011664
3.490000	0.011774
3.500000	0.011884
3.510000	0.011995
3.520000	0.012106
3.530000	0.012218
3.540000	0.012330
3.550000	0.012443
3.560000	0.012556
3.570000	0.012670
3.580000	0.012784
3.590000	0.012899
3.600000	0.013014
3.610000	0.013130
3.620000	0.013247
3.630000	0.013364
3.640000	0.013481
3.650000	0.013599
3.660000	0.013718
3.670000	0.013837
3.680000	0.013956
3.690000	0.014077
3.700000	0.014197
3.710000	0.014318
3.720000	0.014440
3.730000	0.014562
3.740000	0.014685
3.750000	0.014808
3.760000	0.014932
3.770000	0.015056
3.780000	0.015180
3.790000	0.015305
3.800000	0.015431
3.810000	0.015557
3.820000	0.015684
3.830000	0.015811
3.840000	0.015939
3.850000	0.016067
3.860000	0.016195
3.870000	0.016324
3.880000	0.016454
3.890000	0.016584
3.900000	0.016714
3.910000	0.016845
3.920000	0.016977
3.930000	0.017109
3.940000	0.017241
3.950000	0.017374
3.960000	0.017507
3.970000	0.017641
3.980000	0.017775
3.990000	0.017910
4.000000	0.018045
4.010000	0.018180
4.020000	0.018316
4.030000	0.018453
4.040000	0.018590
4.050000	0.018727
4.060000	0.018865
4.070000	0.019003
4.080000	0.019142
4.090000	0.019281
4.100000	0.019420
4.110000	0.019560
4.120000	0.019701
4.130000	0.019841
4.140000	0.019983
4.150000	0.020124
4.160000	0.020266
4.170000	0.020409
4.180000	0.020552
4.190000	0.020695
4.200000	0.020839
4.210000	0.020983
4.220000	0.021127
4.230000	0.021272
4.240000	0.021417
4.250000	0.021563
4.260000	0.021709
4.270000	0.021855
4.280000	0.022002
4.290000	0.022149
4.300000	0.022297
4.310000	0.022445
4.320000	0.022593
4.330000	0.022742
4.340000	0.022891
4.350000	0.023041
4.360000	0.023190
4.370000	0.023341
4.380000	0.023491
4.390000	0.023642
4.400000	0.023793
4.410000	0.023945
4.420000	0.024097
4.430000	0.024249
4.440000	0.024402
4.450000	0.024555
4.460000	0.024708
4.470000	0.024862
4.480000	0.025016
4.490000	0.025170
4.500000	0.025324
4.510000	0.025479
4.520000	0.025635
4.530000	0.025790
4.540000	0.025946
4.550000	0.026102
4.560000	0.026259
4.570000	0.026415
4.580000	0.026572
4.590000	0.026730
4.600000	0.026888
4.610000	0.027045
4.620000	0.027204
4.630000	0.027362
4.640000	0.027521
4.650000	0.027680
4.660000	0.027840
4.670000	0.027999
4.680000	0.028159
4.690000	0.028319
4.700000	0.028480
4.710000	0.028640
4.720000	0.028801
4.730000	0.028963
4.740000	0.029124
4.750000	0.029286
4.760000	0.029448
4.770000	0.029610
4.780000	0.029772
4.790000	0.029935
4.800000	0.030098
4.810000	0.030261
4.820000	0.030425
4.830000	0.030588
4.840000	0.030752
4.850000	0.030916
4.860000	0.031080
4.870000	0.031245
4.880000	0.031409
4.890000	0.031574
4.900000	0.031739
4.910000	0.031905
4.920000	0.032070
4.930000	0.032236
4.940000	0.032402
4.950000	0.032568
4.960000	0.032734
4.970000	0.032900
4.980000	0.033067
4.990000	0.033234
5.000000	0.033400
5.010000	0.033568
5.020000	0.033735
5.030000	0.033902
5.040000	0.034070
5.050000	0.034238
5.060000	0.034405
5.070000	0.034573
5.080000	0.034742
5.090000	0.034910
5.100000	0.035078
5.110000	0.035247
5.120000	0.035416
5.130000	0.035584
5.140000	0.035753
5.150000	0.035923
5.160000	0.036092
5.170000	0.036261
5.180000	0.036430
5.190000	0.036600
5.200000	0.036770
5.210000	0.036939
5.220000	0.037109
5.230000	0.037279
5.240000	0.037449
5.250000	0.037619
5.260000	0.037790
5.270000	0.037960
5.280000	0.038130
5.290000	0.038301
5.300000	0.038471
5.310000	0.038642
5.320000	0.038813
5.330000	0.038983
5.340000	0.039154
5.350000	0.039325
5.360000	0.039496
5.370000	0.039667
5.380000	0.039838
5.390000	0.040009
5.400000	0.040180
5.410000	0.040351
5.420000	0.040523
5.430000	0.040694
5.440000	0.040865
5.450000	0.041036
5.460000	0.041208
5.470000	0.041379
5.480000	0.041550
5.490000	0.041722
5.500000	0.041893
5.510000	0.042064
5.520000	0.042236
5.530000	0.042407
5.540000	0.042579
5.550000	0.042750
5.560000	0.042921
5.570000	0.043093
5.580000	0.043264
5.590000	0.043435
5.600000	0.043607
5.610000	0.043778
5.620000	0.043949
5.630000	0.044121
5.640000	0.044292
5.650000	0.044463
5.660000	0.044634
5.670000	0.044805
5.680000	0.044976
5.690000	0.045147
5.700000	0.045318
5.710000	0.045489
5.720000	0.045660
5.730000	0.045831
5.740000	0.046002
5.750000	0.046172
5.760000	0.046343
5.770000	0.046513
5.780000	0.046684
5.790000	0.046854
5.800000	0.047025
5.810000	0.047195
5.820000	0.047365
5.830000	0.047535
5.840000	0.047705
5.850000	0.047875
5.860000	0.048045
5.870000	0.048214
5.880000	0.048384
5.890000	0.048553
5.900000	0.048723
5.910000	0.048892
5.920000	0.049061
5.930000	0.049230
5.940000	0.049399
5.950000	0.049568
5.960000	0.049736
5.970000	0.049905
5.980000	0.050073
5.990000	0.050241
6.000000	0.050409
6.010000	0.050577
6.020000	0.050745
6.030000	0.050913
6.040000	0.051080
6.050000	0.051248
6.060000	0.051415
6.070000	0.051582
6.080000	0.051749
6.090000	0.051916
6.100000	0.052082
6.110000	0.052249
6.120000	0.052415
6.130000	0.052581
6.140000	0.052747
6.150000	0.052913
6.160000	0.053078
6.170000	0.053243
6.180000	0.053409
6.190000	0.053574
6.200000	0.053738
6.210000	0.053903
6.220000	0.054067
6.230000	0.054232
6.240000	0.054395
6.250000	0.054559
6.260000	0.054723
6.270000	0.054886
6.280000	0.055049
6.290000	0.055212
6.300000	0.055375
6.310000	0.055538
6.320000	0.055700
6.330000	0.055862
6.340000	0.056024
6.350000	0.056185
6.360000	0.056347
6.370000	0.056508
6.380000	0.056669
6.390000	0.056829
6.400000	0.056990
6.410000	0.057150
6.420000	0.057310
6.430000	0.057469
6.440000	0.057629
6.450000	0.057788
6.460000	0.057947
6.470000	0.058106
6.480000	0.058264
6.490000	0.058422
6.500000	0.058580
6.510000	0.058737
6.520000	0.058895
6.530000	0.059052
6.540000	0.059209
6.550000	0.059365
6.560000	0.059521
6.570000	0.059677
6.580000	0.059833
6.590000	0.059988
6.600000	0.060143
6.610000	0.060298
6.620000	0.060452
6.630000	0.060607
6.640000	0.060761
6.650000	0.060914
6.660000	0.061067
6.670000	0.061220
6.680000	0.061373
6.690000	0.061525
6.700000	0.061677
6.710000	0.061829
6.720000	0.061981
6.730000	0.062132
6.740000	0.062282
6.750000	0.062433
6.760000	0.062583
6.770000	0.062733
6.780000	0.062882
6.790000	0.063032
6.800000	0.063180
6.810000	0.063329
6.820000	0.063477
6.830000	0.063625
6.840000	0.063772
6.850000	0.063919
6.860000	0.064066
6.870000	0.064213
6.880000	0.064359
6.890000	0.064505
6.900000	0.064650
6.910000	0.064795
6.920000	0.064940
6.930000	0.065084
6.940000	0.065228
6.950000	0.065372
6.960000	0.065515
6.970000	0.065658
6.980000	0.065800
6.990000	0.065943
7.000000	0.066084
7.010000	0.066226
7.020000	0.066367
7.030000	0.066507
7.040000	0.066648
7.050000	0.066788
7.060000	0.066927
7.070000	0.067066
7.080000	0.067205
7.090000	0.067344
7.100000	0.067482
7.110000	0.067619
7.120000	0.067756
7.130000	0.067893
7.140000	0.068030
7.150000	0.068166
7.160000	0.068301
7.170000	0.068437
7.180000	0.068572
7.190000	0.068706
7.200000	0.068840
7.210000	0.068974
7.220000	0.069107
7.230000	0.069240
7.240000	0.069372
7.250000	0.069504
7.260000	0.069636
7.270000	0.069767
7.280000	0.069898
7.290000	0.070028
7.300000	0.070158
7.310000	0.070288
7.320000	0.070417
7.330000	0.070546
7.340000	0.070674
7.350000	0.070802
7.360000	0.070929
7.370000	0.071056
7.380000	0.071183
7.390000	0.071309
7.400000	0.071434
7.410000	0.071560
7.420000	0.071685
7.430000	0.071809
7.440000	0.071933
7.450000	0.072057
7.460000	0.072180
7.470000	0.072302
7.480000	0.072424
7.490000	0.072546
7.500000	0.072668
7.510000	0.072788
7.520000	0.072909
7.530000	0.073029
7.540000	0.073148
7.550000	0.073268
7.560000	0.073386
7.570000	0.073504
7.580000	0.073622
7.590000	0.073739
7.600000	0.073856
7.610000	0.073973
7.620000	0.074089
7.630000	0.074204
7.640000	0.074319
7.650000	0.074434
7.660000	0.074548
7.670000	0.074661
7.680000	0.074775
7.690000	0.074887
7.700000	0.075000
7.710000	0.075111
7.720000	0.075223
7.730000	0.075333
7.740000	0.075444
7.750000	0.075554
7.760000	0.075663
7.770000	0.075772
7.780000	0.075881
7.790000	0.075989
7.800000	0.076096
7.810000	0.076203
7.820000	0.076310
7.830000	0.076416
7.840000	0.076522
7.850000	0.076627
7.860000	0.076732
7.870000	0.076836
7.880000	0.076940
7.890000	0.077043
7.900000	0.077146
7.910000	0.077248
7.920000	0.077350
7.930000	0.077451
7.940000	0.077552
7.950000	0.077652
7.960000	0.077752
7.970000	0.077851
7.980000	0.077950
7.990000	0.078049
8.000000	0.078147
8.010000	0.078244
8.020000	0.078341
8.030000	0.078438
8.040000	0.078534
8.050000	0.078629
8.060000	0.078724
8.070000	0.078819
8.080000	0.078913
8.090000	0.079006
8.100000	0.079099
8.110000	0.079192
8.120000	0.079284
8.130000	0.079375
8.140000	0.079466
8.150000	0.079557
8.160000	0.079647
8.170000	0.079736
8.180000	0.079825
8.190000	0.079914
8.200000	0.080002
8.210000	0.080090
8.220000	0.080177
8.230000	0.080263
8.240000	0.080349
8.250000	0.080435
8.260000	0.080520
8.270000	0.080604
8.280000	0.080688
8.290000	0.080772
8.300000	0.080855
8.310000	0.080938
8.320000	0.081020
8.330000	0.081101
8.340000	0.081182
8.350000	0.081263
8.360000	0.081343
8.370000	0.081422
8.380000	0.081501
8.390000	0.081580
8.400000	0.081658
8.410000	0.081735
8.420000	0.081812
8.430000	0.081889
8.440000	0.081965
8.450000	0.082040
8.460000	0.082115
8.470000	0.082190
8.480000	0.082264
8.490000	0.082337
8.500000	0.082410
8.510000	0.082483
8.520000	0.082555
8.530000	0.082626
8.540000	0.082697
8.550000	0.082768
8.560000	0.082838
8.570000	0.082907
8.580000	0.082976
8.590000	0.083044
8.600000	0.083112
8.610000	0.083180
8.620000	0.083246
8.630000	0.083313
8.640000	0.083379
8.650000	0.083444
8.660000	0.083509
8.670000	0.083573
8.680000	0.083637
8.690000	0.083701
8.700000	0.083763
8.710000	0.083826
8.720000	0.083888
8.730000	0.083949
8.740000	0.084010
8.750000	0.084070
8.760000	0.084130
8.770000	0.084189
8.780000	0.084248
8.790000	0.084306
8.800000	0.084364
8.810000	0.084421
8.820000	0.084478
8.830000	0.084534
8.840000	0.084590
8.850000	0.084645
8.860000	0.084700
8.870000	0.084754
8.880000	0.084808
8.890000	0.084861
8.900000	0.084914
8.910000	0.084966
8.920000	0.085018
8.930000	0.085069
8.940000	0.085120
8.950000	0.085170
8.960000	0.085220
8.970000	0.085269
8.980000	0.085318
8.990000	0.085366
9.000000	0.085413
9.010000	0.085461
9.020000	0.085507
9.030000	0.085554
9.040000	0.085599
9.050000	0.085644
9.060000	0.085689
9.070000	0.085733
9.080000	0.085777
9.090000	0.085820
9.100000	0.085863
9.110000	0.085905
9.120000	0.085947
9.130000	0.085988
9.140000	0.086029
9.150000	0.086069
9.160000	0.086109
9.170000	0.086148
9.180000	0.086187
9.190000	0.086225
9.200000	0.086263
9.210000	0.086300
9.220000	0.086337
9.230000	0.086373
9.240000	0.086409
9.250000	0.086444
9.260000	0.086479
9.270000	0.086513
9.280000	0.086547
9.290000	0.086580
9.300000	0.086613
9.310000	0.086646
9.320000	0.086677
9.330000	0.086709
9.340000	0.086740
9.350000	0.086770
9.360000	0.086800
9.370000	0.086829
9.380000	0.086858
9.390000	0.086887
9.400000	0.086915
9.410000	0.086942
9.420000	0.086969
9.430000	0.086996
9.440000	0.087022
9.450000	0.087048
9.460000	0.087073
9.470000	0.087097
9.480000	0.087121
9.490000	0.087145
9.500000	0.087168
9.510000	0.087191
9.520000	0.087213
9.530000	0.087235
9.540000	0.087256
9.550000	0.087277
9.560000	0.087297
9.570000	0.087317
9.580000	0.087336
9.590000	0.087355
9.600000	0.087374
9.610000	0.087392
9.620000	0.087409
9.630000	0.087426
9.640000	0.087443
9.650000	0.087459
9.660000	0.087475
9.670000	0.087490
9.680000	0.087504
9.690000	0.087519
9.700000	0.087532
9.710000	0.087546
9.720000	0.087559
9.730000	0.087571
9.740000	0.087583
9.750000	0.087594
9.760000	0.087605
9.770000	0.087616
9.780000	0.087626
9.790000	0.087636
9.800000	0.087645
9.810000	0.087654
9.820000	0.087662
9.830000	0.087670
9.840000	0.087677
9.850000	0.087684
9.860000	0.087690
9.870000	0.087696
9.880000	0.087702
9.890000	0.087707
9.900000	0.087712
9.910000	0.087716
9.920000	0.087720
9.930000	0.087723
9.940000	0.087726
9.950000	0.087728
9.960000	0.087730
9.970000	0.087732
9.980000	0.087733
9.990000	0.087733
10.000000	0.087734
10.010000	0.087733
10.020000	0.087733
10.030000	0.087732
10.040000	0.087730
10.050000	0.087728
10.060000	0.087726
10.070000	0.087723
10.080000	0.087720
10.090000	0.087716
10.100000	0.087712
10.110000	0.087707
10.120000	0.087702
10.130000	0.087697
10.140000	0.087691
10.150000	0.087685
10.160000	0.087678
10.170000	0.087671
10.180000	0.087663
10.190000	0.087656
10.200000	0.087647
10.210000	0.087638
10.220000	0.087629
10.230000	0.087619
10.240000	0.087609
10.250000	0.087599
10.260000	0.087588
10.270000	0.087577
10.280000	0.087565
10.290000	0.087553
10.300000	0.087540
10.310000	0.087527
10.320000	0.087514
10.330000	0.087500
10.340000	0.087486
10.350000	0.087472
10.360000	0.087457
10.370000	0.087441
10.380000	0.087425
10.390000	0.087409
10.400000	0.087393
10.410000	0.087375
10.420000	0.087358
10.430000	0.087340
10.440000	0.087322
10.450000	0.087303
10.460000	0.087284
10.470000	0.087265
10.480000	0.087245
10.490000	0.087225
10.500000	0.087205
10.510000	0.087184
10.520000	0.087162
10.530000	0.087141
10.540000	0.087118
10.550000	0.087096
10.560000	0.087073
10.570000	0.087050
10.580000	0.087026
10.590000	0.087002
10.600000	0.086978
10.610000	0.086953
10.620000	0.086928
10.630000	0.086902
10.640000	0.086876
10.650000	0.086850
10.660000	0.086823
10.670000	0.086796
10.680000	0.086769
10.690000	0.086741
10.700000	0.086713
10.710000	0.086684
10.720000	0.086655
10.730000	0.086626
10.740000	0.086596
10.750000	0.086566
10.760000	0.086536
10.770000	0.086505
10.780000	0.086474
10.790000	0.086442
10.800000	0.086411
10.810000	0.086378
10.820000	0.086346
10.830000	0.086313
10.840000	0.086280
10.850000	0.086246
10.860000	0.086212
10.870000	0.086178
10.880000	0.086143
10.890000	0.086108
10.900000	0.086073
10.910000	0.086037
10.920000	0.086001
10.930000	0.085965
10.940000	0.085928
10.950000	0.085891
10.960000	0.085853
10.970000	0.085816
10.980000	0.085778
10.990000	0.085739
11.000000	0.085700
11.010000	0.085661
11.020000	0.085622
11.030000	0.085582
11.040000	0.085542
11.050000	0.085501
11.060000	0.085461
11.070000	0.085419
11.080000	0.085378
11.090000	0.085336
11.100000	0.085294
11.110000	0.085252
11.120000	0.085209
11.130000	0.085166
11.140000	0.085123
11.150000	0.085079
11.160000	0.085035
11.170000	0.084990
11.180000	0.084946
11.190000	0.084901
11.200000	0.084855
11.210000	0.084810
11.220000	0.084764
11.230000	0.084718
11.240000	0.084671
11.250000	0.084624
11.260000	0.084577
11.270000	0.084530
11.280000	0.084482
11.290000	0.084434
11.300000	0.084385
11.310000	0.084337
11.320000	0.084288
11.330000	0.084238
11.340000	0.084189
11.350000	0.084139
11.360000	0.084089
11.370000	0.084038
11.380000	0.083987
11.390000	0.083936
11.400000	0.083885
11.410000	0.083833
11.420000	0.083781
11.430000	0.083729
11.440000	0.083677
11.450000	0.083624
11.460000	0.083571
11.470000	0.083517
11.480000	0.083464
11.490000	0.083410
11.500000	0.083356
11.510000	0.083301
11.520000	0.083246
11.530000	0.083191
11.540000	0.083136
11.550000	0.083080
11.560000	0.083024
11.570000	0.082968
11.580000	0.082912
11.590000	0.082855
11.600000	0.082798
11.610000	0.082741
11.620000	0.082683
11.630000	0.082626
11.640000	0.082568
11.650000	0.082509
11.660000	0.082451
11.670000	0.082392
11.680000	0.082333
11.690000	0.082274
11.700000	0.082214
11.710000	0.082154
11.720000	0.082094
11.730000	0.082034
11.740000	0.081973
11.750000	0.081912
11.760000	0.081851
11.770000	0.081790
11.780000	0.081728
11.790000	0.081666
11.800000	0.081604
11.810000	0.081542
11.820000	0.081479
11.830000	0.081416
11.840000	0.081353
11.850000	0.081290
11.860000	0.081226
11.870000	0.081162
11.880000	0.081098
11.890000	0.081034
11.900000	0.080969
11.910000	0.080905
11.920000	0.080840
11.930000	0.080775
11.940000	0.080709
11.950000	0.080643
11.960000	0.080577
11.970000	0.080511
11.980000	0.080445
11.990000	0.080378
12.000000	0.080312
12.010000	0.080245
12.020000	0.080177
12.030000	0.080110
12.040000	0.080042
12.050000	0.079974
12.060000	0.079906
12.070000	0.079838
12.080000	0.079769
12.090000	0.079700
12.100000	0.079631
12.110000	0.079562
12.120000	0.079493
12.130000	0.079423
12.140000	0.079353
12.150000	0.079283
12.160000	0.079213
12.170000	0.079142
12.180000	0.079072
12.190000	0.079001
12.200000	0.078930
12.210000	0.078859
12.220000	0.078787
12.230000	0.078716
12.240000	0.078644
12.250000	0.078572
12.260000	0.078499
12.270000	0.078427
12.280000	0.078354
12.290000	0.078281
12.300000	0.078208
12.310000	0.078135
12.320000	0.078062
12.330000	0.077988
12.340000	0.077914
12.350000	0.077840
12.360000	0.077766
12.370000	0.077692
12.380000	0.077617
12.390000	0.077543
12.400000	0.077468
12.410000	0.077393
12.420000	0.077318
12.430000	0.077242
12.440000	0.077167
12.450000	0.077091
12.460000	0.077015
12.470000	0.076939
12.480000	0.076862
12.490000	0.076786
12.500000	0.076709
12.510000	0.076633
12.520000	0.076556
12.530000	0.076478
12.540000	0.076401
12.550000	0.076324
12.560000	0.076246
12.570000	0.076168
12.580000	0.076090
12.590000	0.076012
12.600000	0.075934
12.610000	0.075856
12.620000	0.075777
12.630000	0.075698
12.640000	0.075619
12.650000	0.075540
12.660000	0.075461
12.670000	0.075382
12.680000	0.075302
12.690000	0.075223
12.700000	0.075143
12.710000	0.075063
12.720000	0.074983
12.730000	0.074903
12.740000	0.074822
12.750000	0.074742
12.760000	0.074661
12.770000	0.074580
12.780000	0.074499
12.790000	0.074418
12.800000	0.074337
12.810000	0.074255
12.820000	0.074174
12.830000	0.074092
12.840000	0.074010
12.850000	0.073929
12.860000	0.073847
12.870000	0.073764
12.880000	0.073682
12.890000	0.073600
12.900000	0.073517
12.910000	0.073434
12.920000	0.073351
12.930000	0.073269
12.940000	0.073185
12.950000	0.073102
12.960000	0.073019
12.970000	0.072935
12.980000	0.072852
12.990000	0.072768
13.000000	0.072684
13.010000	0.072601
13.020000	0.072516
13.030000	0.072432
13.040000	0.072348
13.050000	0.072264
13.060000	0.072179
13.070000	0.072095
13.080000	0.072010
13.090000	0.071925
13.100000	0.071840
13.110000	0.071755
13.120000	0.071670
13.130000	0.071585
13.140000	0.071499
13.150000	0.071414
13.160000	0.071328
13.170000	0.071242
13.180000	0.071157
13.190000	0.071071
13.200000	0.070985
13.210000	0.070899
13.220000	0.070812
13.230000	0.070726
13.240000	0.070640
13.250000	0.070553
13.260000	0.070467
13.270000	0.070380
13.280000	0.070293
13.290000	0.070206
13.300000	0.070119
13.310000	0.070032
13.320000	0.069945
13.330000	0.069858
13.340000	0.069771
13.350000	0.069683
13.360000	0.069596
13.370000	0.069508
13.380000	0.069421
13.390000	0.069333
13.400000	0.069245
13.410000	0.069157
13.420000	0.069069
13.430000	0.068981
13.440000	0.068893
13.450000	0.068805
13.460000	0.068717
13.470000	0.068628
13.480000	0.068540
13.490000	0.068451
13.500000	0.068363
13.510000	0.068274
13.520000	0.068185
13.530000	0.068097
13.540000	0.068008
13.550000	0.067919
13.560000	0.067830
13.570000	0.067741
13.580000	0.067652
13.590000	0.067562
13.600000	0.067473
13.610000	0.067384
13.620000	0.067294
13.630000	0.067205
13.640000	0.067115
13.650000	0.067026
13.660000	0.066936
13.670000	0.066846
13.680000	0.066757
13.690000	0.066667
13.700000	0.066577
13.710000	0.066487
13.720000	0.066397
13.730000	0.066307
13.740000	0.066217
13.750000	0.066127
13.760000	0.066037
13.770000	0.065946
13.780000	0.065856
13.790000	0.065766
13.800000	0.065675
13.810000	0.065585
13.820000	0.065494
13.830000	0.065404
13.840000	0.065313
13.850000	0.065223
13.860000	0.065132
13.870000	0.065041
13.880000	0.064950
13.890000	0.064860
13.900000	0.064769
13.910000	0.064678
13.920000	0.064587
13.930000	0.064496
13.940000	0.064405
13.950000	0.064314
13.960000	0.064223
13.970000	0.064132
13.980000	0.064041
13.990000	0.063950
14.000000	0.063858
14.010000	0.063767
14.020000	0.063676
14.030000	0.063585
14.040000	0.063493
14.050000	0.063402
14.060000	0.063310
14.070000	0.063219
14.080000	0.063128
14.090000	0.063036
14.100000	0.062945
14.110000	0.062853
14.120000	0.062761
14.130000	0.062670
14.140000	0.062578
14.150000	0.062487
14.160000	0.062395
14.170000	0.062303
14.180000	0.062212
14.190000	0.062120
14.200000	0.062028
14.210000	0.061937
14.220000	0.061845
14.230000	0.061753
14.240000	0.061661
14.250000	0.061569
14.260000	0.061478
14.270000	0.061386
14.280000	0.061294
14.290000	0.061202
14.300000	0.061110
14.310000	0.061018
14.320000	0.060926
14.330000	0.060834
14.340000	0.060743
14.350000	0.060651
14.360000	0.060559
14.370000	0.060467
14.380000	0.060375
14.390000	0.060283
14.400000	0.060191
14.410000	0.060099
14.420000	0.060007
14.430000	0.059915
14.440000	0.059823
14.450000	0.059731
14.460000	0.059639
14.470000	0.059547
14.480000	0.059455
14.490000	0.059363
14.500000	0.059271
14.510000	0.059179
14.520000	0.059087
14.530000	0.058995
14.540000	0.058903
14.550000	0.058811
14.560000	0.058719
14.570000	0.058627
14.580000	0.058536
14.590000	0.058444
14.600000	0.058352
14.610000	0.058260
14.620000	0.058168
14.630000	0.058076
14.640000	0.057984
14.650000	0.057892
14.660000	0.057800
14.670000	0.057708
14.680000	0.057617
14.690000	0.057525
14.700000	0.057433
14.710000	0.057341
14.720000	0.057249
14.730000	0.057158
14.740000	0.057066
14.750000	0.056974
14.760000	0.056882
14.770000	0.056791
14.780000	0.056699
14.790000	0.056607
14.800000	0.056516
14.810000	0.056424
14.820000	0.056332
14.830000	0.056241
14.840000	0.056149
14.850000	0.056058
14.860000	0.055966
14.870000	0.055875
14.880000	0.055783
14.890000	0.055692
14.900000	0.055600
14.910000	0.055509
14.920000	0.055417
14.930000	0.055326
14.940000	0.055235
14.950000	0.055143
14.960000	0.055052
14.970000	0.054961
14.980000	0.054870
14.990000	0.054778
15.000000	0.054687
15.010000	0.054596
15.020000	0.054505
15.030000	0.054414
15.040000	0.054323
15.050000	0.054232
15.060000	0.054141
15.070000	0.054050
15.080000	0.053959
15.090000	0.053868
15.100000	0.053777
15.110000	0.053687
15.120000	0.053596
15.130000	0.053505
15.140000	0.053414
15.150000	0.053324
15.160000	0.053233
15.170000	0.053143
15.180000	0.053052
15.190000	0.052962
15.200000	0.052871
15.210000	0.052781
15.220000	0.052690
15.230000	0.052600
15.240000	0.052510
15.250000	0.052419
15.260000	0.052329
15.270000	0.052239
15.280000	0.052149
15.290000	0.052059
15.300000	0.051969
15.310000	0.051879
15.320000	0.051789
15.330000	0.051699
15.340000	0.051609
15.350000	0.051519
15.360000	0.051430
15.370000	0.051340
15.380000	0.051250
15.390000	0.051161
15.400000	0.051071
15.410000	0.050982
15.420000	0.050892
15.430000	0.050803
15.440000	0.050713
15.450000	0.050624
15.460000	0.050535
15.470000	0.050446
15.480000	0.050356
15.490000	0.050267
15.500000	0.050178
15.510000	0.050089
15.520000	0.050000
15.530000	0.049911
15.540000	0.049823
15.550000	0.049734
15.560000	0.049645
15.570000	0.049556
15.580000	0.049468
15.590000	0.049379
15.600000	0.049291
15.610000	0.049202
15.620000	0.049114
15.630000	0.049026
15.640000	0.048937
15.650000	0.048849
15.660000	0.048761
15.670000	0.048673
15.680000	0.048585
15.690000	0.048497
15.700000	0.048409
15.710000	0.048321
15.720000	0.048233
15.730000	0.048146
15.740000	0.048058
15.750000	0.047970
15.760000	0.047883
15.770000	0.047795
15.780000	0.047708
15.790000	0.047621
15.800000	0.047533
15.810000	0.047446
15.820000	0.047359
15.830000	0.047272
15.840000	0.047185
15.850000	0.047098
15.860000	0.047011
15.870000	0.046924
15.880000	0.046837
15.890000	0.046751
15.900000	0.046664
15.910000	0.046578
15.920000	0.046491
15.930000	0.046405
15.940000	0.046318
15.950000	0.046232
15.960000	0.046146
15.970000	0.046060
15.980000	0.045974
15.990000	0.045888
16.000000	0.045802
16.010000	0.045716
16.020000	0.045630
16.030000	0.045545
16.040000	0.045459
16.050000	0.045373
16.060000	0.045288
16.070000	0.045202
16.080000	0.045117
16.090000	0.045032
16.100000	0.044947
16.110000	0.044862
16.120000	0.044777
16.130000	0.044692
16.140000	0.044607
16.150000	0.044522
16.160000	0.044437
16.170000	0.044352
16.180000	0.044268
16.190000	0.044183
16.200000	0.044099
16.210000	0.044015
16.220000	0.043930
16.230000	0.043846
16.240000	0.043762
16.250000	0.043678
16.260000	0.043594
16.270000	0.043510
16.280000	0.043426
16.290000	0.043343
16.300000	0.043259
16.310000	0.043175
16.320000	0.043092
16.330000	0.043009
16.340000	0.042925
16.350000	0.042842
16.360000	0.042759
16.370000	0.042676
16.380000	0.042593
16.390000	0.042510
16.400000	0.042427
16.410000	0.042344
16.420000	0.042262
16.430000	0.042179
16.440000	0.042097
16.450000	0.042014
16.460000	0.041932
16.470000	0.041850
16.480000	0.041767
16.490000	0.041685
16.500000	0.041603
16.510000	0.041522
16.520000	0.041440
16.530000	0.041358
16.540000	0.041276
16.550000	0.041195
16.560000	0.041113
16.570000	0.041032
16.580000	0.040951
16.590000	0.040869
16.600000	0.040788
16.610000	0.040707
16.620000	0.040626
16.630000	0.040545
16.640000	0.040465
16.650000	0.040384
16.660000	0.040303
16.670000	0.040223
16.680000	0.040142
16.690000	0.040062
16.700000	0.039982
16.710000	0.039902
16.720000	0.039822
16.730000	0.039742
16.740000	0.039662
16.750000	0.039582
16.760000	0.039502
16.770000	0.039423
16.780000	0.039343
16.790000	0.039264
16.800000	0.039184
16.810000	0.039105
16.820000	0.039026
16.830000	0.038947
16.840000	0.038868
16.850000	0.038789
16.860000	0.038710
16.870000	0.038631
16.880000	0.038553
16.890000	0.038474
16.900000	0.038396
16.910000	0.038317
16.920000	0.038239
16.930000	0.038161
16.940000	0.038083
16.950000	0.038005
16.960000	0.037927
16.970000	0.037849
16.980000	0.037772
16.990000	0.037694
17.000000	0.037617
17.010000	0.037539
17.020000	0.037462
17.030000	0.037385
17.040000	0.037308
17.050000	0.037231
17.060000	0.037154
17.070000	0.037077
17.080000	0.037000
17.090000	0.036923
17.100000	0.036847
17.110000	0.036770
17.120000	0.036694
17.130000	0.036618
17.140000	0.036542
17.150000	0.036466
17.160000	0.036390
17.170000	0.036314
17.180000	0.036238
17.190000	0.036162
17.200000	0.036087
17.210000	0.036011
17.220000	0.035936
17.230000	0.035861
17.240000	0.035785
17.250000	0.035710
17.260000	0.035635
17.270000	0.035560
17.280000	0.035486
17.290000	0.035411
17.300000	0.035336
17.310000	0.035262
17.320000	0.035187
17.330000	0.035113
17.340000	0.035039
17.350000	0.034965
17.360000	0.034891
17.370000	0.034817
17.380000	0.034743
17.390000	0.034669
17.400000	0.034596
17.410000	0.034522
17.420000	0.034449
17.430000	0.034376
17.440000	0.034302
17.450000	0.034229
17.460000	0.034156
17.470000	0.034083
17.480000	0.034010
17.490000	0.033938
17.500000	0.033865
17.510000	0.033793
17.520000	0.033720
17.530000	0.033648
17.540000	0.033576
17.550000	0.033504
17.560000	0.033431
17.570000	0.033360
17.580000	0.033288
17.590000	0.033216
17.600000	0.033144
17.610000	0.033073
17.620000	0.033002
17.630000	0.032930
17.640000	0.032859
17.650000	0.032788
17.660000	0.032717
17.670000	0.032646
17.680000	0.032575
17.690000	0.032504
17.700000	0.032434
17.710000	0.032363
17.720000	0.032293
17.730000	0.032223
17.740000	0.032153
17.750000	0.032082
17.760000	0.032012
17.770000	0.031943
17.780000	0.031873
17.790000	0.031803
17.800000	0.031733
17.810000	0.031664
17.820000	0.031595
17.830000	0.031525
17.840000	0.031456
17.850000	0.031387
17.860000	0.031318
17.870000	0.031249
17.880000	0.031181
17.890000	0.031112
17.900000	0.031043
17.910000	0.030975
17.920000	0.030907
17.930000	0.030838
17.940000	0.030770
17.950000	0.030702
17.960000	0.030634
17.970000	0.030566
17.980000	0.030499
17.990000	0.030431
18.000000	0.030363
18.010000	0.030296
18.020000	0.030229
18.030000	0.030161
18.040000	0.030094
18.050000	0.030027
18.060000	0.029960
18.070000	0.029894
18.080000	0.029827
18.090000	0.029760
18.100000	0.029694
18.110000	0.029627
18.120000	0.029561
18.130000	0.029495
18.140000	0.029429
18.150000	0.029363
18.160000	0.029297
18.170000	0.029231
18.180000	0.029166
18.190000	0.029100
18.200000	0.029035
18.210000	0.028969
18.220000	0.028904
18.230000	0.028839
18.240000	0.028774
18.250000	0.028709
18.260000	0.028644
18.270000	0.028579
18.280000	0.028515
18.290000	0.028450
18.300000	0.028386
18.310000	0.028321
18.320000	0.028257
18.330000	0.028193
18.340000	0.028129
18.350000	0.028065
18.360000	0.028001
18.370000	0.027938
18.380000	0.027874
18.390000	0.027811
18.400000	0.027747
18.410000	0.027684
18.420000	0.027621
18.430000	0.027558
18.440000	0.027495
18.450000	0.027432
18.460000	0.027369
18.470000	0.027306
18.480000	0.027244
18.490000	0.027181
18.500000	0.027119
18.510000	0.027057
18.520000	0.026995
18.530000	0.026933
18.540000	0.026871
18.550000	0.026809
18.560000	0.026747
18.570000	0.026685
18.580000	0.026624
18.590000	0.026562
18.600000	0.026501
18.610000	0.026440
18.620000	0.026379
18.630000	0.026318
18.640000	0.026257
18.650000	0.026196
18.660000	0.026135
18.670000	0.026075
18.680000	0.026014
18.690000	0.025954
18.700000	0.025894
18.710000	0.025833
18.720000	0.025773
18.730000	0.025713
18.740000	0.025654
18.750000	0.025594
18.760000	0.025534
18.770000	0.025475
18.780000	0.025415
18.790000	0.025356
18.800000	0.025296
18.810000	0.025237
18.820000	0.025178
18.830000	0.025119
18.840000	0.025060
18.850000	0.025002
18.860000	0.024943
18.870000	0.024885
18.880000	0.024826
18.890000	0.024768
18.900000	0.024710
18.910000	0.024651
18.920000	0.024593
18.930000	0.024535
18.940000	0.024478
18.950000	0.024420
18.960000	0.024362
18.970000	0.024305
18.980000	0.024247
18.990000	0.024190
19.000000	0.024133
19.010000	0.024076
19.020000	0.024019
19.030000	0.023962
19.040000	0.023905
19.050000	0.023848
19.060000	0.023792
19.070000	0.023735
19.080000	0.023679
19.090000	0.023623
19.100000	0.023566
19.110000	0.023510
19.120000	0.023454
19.130000	0.023398
19.140000	0.023343
19.150000	0.023287
19.160000	0.023231
19.170000	0.023176
19.180000	0.023121
19.190000	0.023065
19.200000	0.023010
19.210000	0.022955
19.220000	0.022900
19.230000	0.022845
19.240000	0.022790
19.250000	0.022736
19.260000	0.022681
19.270000	0.022627
19.280000	0.022572
19.290000	0.022518
19.300000	0.022464
19.310000	0.022410
19.320000	0.022356
19.330000	0.022302
19.340000	0.022248
19.350000	0.022194
19.360000	0.022141
19.370000	0.022087
19.380000	0.022034
19.390000	0.021981
19.400000	0.021928
19.410000	0.021875
19.420000	0.021822
19.430000	0.021769
19.440000	0.021716
19.450000	0.021663
19.460000	0.021611
19.470000	0.021558
19.480000	0.021506
19.490000	0.021454
19.500000	0.021401
19.510000	0.021349
19.520000	0.021297
19.530000	0.021245
19.540000	0.021194
19.550000	0.021142
19.560000	0.021090
19.570000	0.021039
19.580000	0.020987
19.590000	0.020936
19.600000	0.020885
19.610000	0.020834
19.620000	0.020783
19.630000	0.020732
19.640000	0.020681
19.650000	0.020630
19.660000	0.020580
19.670000	0.020529
19.680000	0.020479
19.690000	0.020429
19.700000	0.020378
19.710000	0.020328
19.720000	0.020278
19.730000	0.020228
19.740000	0.020178
19.750000	0.020129
19.760000	0.020079
19.770000	0.020030
19.780000	0.019980
19.790000	0.019931
19.800000	0.019882
19.810000	0.019832
19.820000	0.019783
19.830000	0.019734
19.840000	0.019685
19.850000	0.019637
19.860000	0.019588
19.870000	0.019539
19.880000	0.019491
19.890000	0.019443
19.900000	0.019394
19.910000	0.019346
19.920000	0.019298
19.930000	0.019250
19.940000	0.019202
19.950000	0.019154
19.960000	0.019107
19.970000	0.019059
19.980000	0.019011
19.990000	0.018964
