################################################################################
# Copyright (c) 2010, 2024 Contributors to the Eclipse Foundation
#
# See the NOTICE file(s) distributed with this work for additional
# information regarding copyright ownership.
#
# This program and the accompanying materials are made available under the terms
# of the MIT License which is available at https://opensource.org/licenses/MIT
#
# SPDX-License-Identifier: MIT
################################################################################

0.000000	NaN
0.010000	4.524187
0.020000	3.069280
0.030000	2.427657
0.040000	2.046827
0.050000	1.788026
0.060000	1.597770
0.070000	1.450499
0.080000	1.332257
0.090000	1.234697
0.100000	1.152482
0.110000	1.082018
0.120000	1.020788
0.130000	0.966966
0.140000	0.919195
0.150000	0.876441
0.160000	0.837900
0.170000	0.802937
0.180000	0.771042
0.190000	0.741803
0.200000	0.714879
0.210000	0.689988
0.220000	0.666894
0.230000	0.645395
0.240000	0.625323
0.250000	0.606531
0.260000	0.588892
0.270000	0.572298
0.280000	0.556652
0.290000	0.541871
0.300000	0.527882
0.310000	0.514617
0.320000	0.502020
0.330000	0.490038
0.340000	0.478625
0.350000	0.467739
0.360000	0.457343
0.370000	0.447402
0.380000	0.437886
0.390000	0.428767
0.400000	0.420018
0.410000	0.411618
0.420000	0.403544
0.430000	0.395776
0.440000	0.388298
0.450000	0.381092
0.460000	0.374144
0.470000	0.367438
0.480000	0.360962
0.490000	0.354704
0.500000	0.348652
0.510000	0.342797
0.520000	0.337127
0.530000	0.331635
0.540000	0.326312
0.550000	0.321150
0.560000	0.316140
0.570000	0.311277
0.580000	0.306554
0.590000	0.301965
0.600000	0.297503
0.610000	0.293164
0.620000	0.288942
0.630000	0.284832
0.640000	0.280831
0.650000	0.276932
0.660000	0.273134
0.670000	0.269431
0.680000	0.265820
0.690000	0.262297
0.700000	0.258860
0.710000	0.255504
0.720000	0.252228
0.730000	0.249027
0.740000	0.245901
0.750000	0.242845
0.760000	0.239858
0.770000	0.236937
0.780000	0.234080
0.790000	0.231285
0.800000	0.228549
0.810000	0.225872
0.820000	0.223251
0.830000	0.220683
0.840000	0.218169
0.850000	0.215705
0.860000	0.213291
0.870000	0.210925
0.880000	0.208605
0.890000	0.206330
0.900000	0.204099
0.910000	0.201910
0.920000	0.199763
0.930000	0.197656
0.940000	0.195588
0.950000	0.193558
0.960000	0.191564
0.970000	0.189607
0.980000	0.187684
0.990000	0.185795
1.000000	0.183940
1.010000	0.182116
1.020000	0.180324
1.030000	0.178563
1.040000	0.176831
1.050000	0.175128
1.060000	0.173454
1.070000	0.171807
1.080000	0.170187
1.090000	0.168593
1.100000	0.167025
1.110000	0.165482
1.120000	0.163963
1.130000	0.162469
1.140000	0.160997
1.150000	0.159548
1.160000	0.158122
1.170000	0.156717
1.180000	0.155333
1.190000	0.153970
1.200000	0.152628
1.210000	0.151305
1.220000	0.150002
1.230000	0.148717
1.240000	0.147452
1.250000	0.146204
1.260000	0.144974
1.270000	0.143762
1.280000	0.142566
1.290000	0.141388
1.300000	0.140225
1.310000	0.139079
1.320000	0.137948
1.330000	0.136833
1.340000	0.135733
1.350000	0.134648
1.360000	0.133577
1.370000	0.132520
1.380000	0.131477
1.390000	0.130448
1.400000	0.129432
1.410000	0.128429
1.420000	0.127440
1.430000	0.126462
1.440000	0.125498
1.450000	0.124545
1.460000	0.123604
1.470000	0.122675
1.480000	0.121758
1.490000	0.120852
1.500000	0.119957
1.510000	0.119073
1.520000	0.118199
1.530000	0.117336
1.540000	0.116483
1.550000	0.115641
1.560000	0.114809
1.570000	0.113986
1.580000	0.113173
1.590000	0.112369
1.600000	0.111575
1.610000	0.110790
1.620000	0.110013
1.630000	0.109246
1.640000	0.108488
1.650000	0.107737
1.660000	0.106996
1.670000	0.106262
1.680000	0.105537
1.690000	0.104820
1.700000	0.104111
1.710000	0.103409
1.720000	0.102715
1.730000	0.102029
1.740000	0.101350
1.750000	0.100678
1.760000	0.100013
1.770000	0.099356
1.780000	0.098705
1.790000	0.098061
1.800000	0.097424
1.810000	0.096794
1.820000	0.096170
1.830000	0.095552
1.840000	0.094941
1.850000	0.094337
1.860000	0.093738
1.870000	0.093145
1.880000	0.092559
1.890000	0.091978
1.900000	0.091403
1.910000	0.090834
1.920000	0.090270
1.930000	0.089712
1.940000	0.089159
1.950000	0.088612
1.960000	0.088070
1.970000	0.087534
1.980000	0.087002
1.990000	0.086476
2.000000	0.085955
2.010000	0.085438
2.020000	0.084927
2.030000	0.084420
2.040000	0.083919
2.050000	0.083422
2.060000	0.082929
2.070000	0.082441
2.080000	0.081958
2.090000	0.081479
2.100000	0.081004
2.110000	0.080534
2.120000	0.080068
2.130000	0.079606
2.140000	0.079149
2.150000	0.078696
2.160000	0.078246
2.170000	0.077801
2.180000	0.077359
2.190000	0.076922
2.200000	0.076488
2.210000	0.076059
2.220000	0.075633
2.230000	0.075210
2.240000	0.074792
2.250000	0.074377
2.260000	0.073965
2.270000	0.073557
2.280000	0.073153
2.290000	0.072752
2.300000	0.072355
2.310000	0.071960
2.320000	0.071570
2.330000	0.071182
2.340000	0.070798
2.350000	0.070417
2.360000	0.070039
2.370000	0.069664
2.380000	0.069292
2.390000	0.068924
2.400000	0.068558
2.410000	0.068195
2.420000	0.067836
2.430000	0.067479
2.440000	0.067125
2.450000	0.066774
2.460000	0.066426
2.470000	0.066081
2.480000	0.065738
2.490000	0.065398
2.500000	0.065061
2.510000	0.064726
2.520000	0.064394
2.530000	0.064065
2.540000	0.063738
2.550000	0.063414
2.560000	0.063093
2.570000	0.062774
2.580000	0.062457
2.590000	0.062143
2.600000	0.061831
2.610000	0.061521
2.620000	0.061214
2.630000	0.060909
2.640000	0.060607
2.650000	0.060307
2.660000	0.060009
2.670000	0.059713
2.680000	0.059420
2.690000	0.059129
2.700000	0.058840
2.710000	0.058553
2.720000	0.058268
2.730000	0.057985
2.740000	0.057704
2.750000	0.057426
2.760000	0.057149
2.770000	0.056875
2.780000	0.056602
2.790000	0.056332
2.800000	0.056063
2.810000	0.055796
2.820000	0.055532
2.830000	0.055269
2.840000	0.055008
2.850000	0.054749
2.860000	0.054491
2.870000	0.054236
2.880000	0.053982
2.890000	0.053730
2.900000	0.053480
2.910000	0.053232
2.920000	0.052985
2.930000	0.052740
2.940000	0.052497
2.950000	0.052256
2.960000	0.052016
2.970000	0.051778
2.980000	0.051541
2.990000	0.051306
3.000000	0.051073
