################################################################################
# Copyright (c) 2010, 2023 Contributors to the Eclipse Foundation
#
# See the NOTICE file(s) distributed with this work for additional
# information regarding copyright ownership.
#
# This program and the accompanying materials are made available under the terms
# of the MIT License which is available at https://opensource.org/licenses/MIT
#
# SPDX-License-Identifier: MIT
################################################################################

2.1000   0.0000
2.1010   0.0000
2.1020   0.0000
2.1030   0.0000
2.1040   0.0000
2.1050   0.0000
2.1060   0.0000
2.1070   0.0000
2.1080   0.0000
2.1090   0.0000
2.1100   0.0000
2.1110   0.0000
2.1120   0.0000
2.1130   0.0000
2.1140   0.0000
2.1150   0.0000
2.1160   0.0000
2.1170   0.0000
2.1180   0.0000
2.1190   0.0000
2.1200   0.0000
2.1210   0.0000
2.1220   0.0000
2.1230   0.0000
2.1240   0.0000
2.1250   0.0000
2.1260   0.0000
2.1270   0.0000
2.1280   0.0000
2.1290   0.0000
2.1300   0.0000
2.1310   0.0000
2.1320   0.0000
2.1330   0.0000
2.1340   0.0000
2.1350   0.0000
2.1360   0.0000
2.1370   0.0000
2.1380   0.0000
2.1390   0.0000
2.1400   0.0000
2.1410   0.0000
2.1420   0.0000
2.1430   0.0000
2.1440   0.0000
2.1450   0.0000
2.1460   0.0000
2.1470   0.0000
2.1480   0.0000
2.1490   0.0000
2.1500   0.0000
2.1510   0.0000
2.1520   0.0000
2.1530   0.0000
2.1540   0.0000
2.1550   0.0000
2.1560   0.0000
2.1570   0.0000
2.1580   0.0000
2.1590   0.0000
2.1600   0.0000
2.1610   0.0000
2.1620   0.0000
2.1630   0.0000
2.1640   0.0000
2.1650   0.0000
2.1660   0.0000
2.1670   0.0000
2.1680   0.0000
2.1690   0.0000
2.1700   0.0000
2.1710   0.0000
2.1720   0.0000
2.1730   0.0000
2.1740   0.0000
2.1750   0.0000
2.1760   0.0000
2.1770   0.0000
2.1780   0.0000
2.1790   0.0000
2.1800   0.0000
2.1810   0.0000
2.1820   0.0000
2.1830   0.0000
2.1840   0.0000
2.1850   0.0000
2.1860   0.0000
2.1870   0.0000
2.1880   0.0000
2.1890   0.0000
2.1900   0.0000
2.1910   0.0000
2.1920   0.0000
2.1930   0.0000
2.1940   0.0000
2.1950   0.0000
2.1960   0.0000
2.1970   0.0000
2.1980   0.0000
2.1990   0.0000
2.2000   0.0000
2.2010   0.0000
2.2020   0.0000
2.2030   0.0000
2.2040   0.0000
2.2050   0.0000
2.2060   0.0000
2.2070   0.0000
2.2080   0.0000
2.2090   0.0000
2.2100   0.0000
2.2110   0.0000
2.2120   0.0000
2.2130   0.0000
2.2140   0.0000
2.2150   0.0000
2.2160   0.0000
2.2170   0.0000
2.2180   0.0000
2.2190   0.0000
2.2200   0.0000
2.2210   0.0000
2.2220   0.0000
2.2230   0.0000
2.2240   0.0000
2.2250   0.0000
2.2260   0.0000
2.2270   0.0000
2.2280   0.0000
2.2290   0.0000
2.2300   0.0000
2.2310   0.0000
2.2320   0.0000
2.2330   0.0000
2.2340   0.0000
2.2350   0.0000
2.2360   0.0000
2.2370   0.0000
2.2380   0.0000
2.2390   0.0000
2.2400   0.0000
2.2410   0.0000
2.2420   0.0000
2.2430   0.0000
2.2440   0.0000
2.2450   0.0000
2.2460   0.0000
2.2470   0.0000
2.2480   0.0000
2.2490   0.0000
2.2500   0.0000
2.2510   0.0000
2.2520   0.0000
2.2530   0.0000
2.2540   0.0000
2.2550   0.0000
2.2560   0.0000
2.2570   0.0000
2.2580   0.0000
2.2590   0.0000
2.2600   0.0000
2.2610   0.0000
2.2620   0.0000
2.2630   0.0000
2.2640   0.0000
2.2650   0.0000
2.2660   0.0000
2.2670   0.0000
2.2680   0.0000
2.2690   0.0000
2.2700   0.0000
2.2710   0.0000
2.2720   0.0000
2.2730   0.0000
2.2740   0.0000
2.2750   0.0000
2.2760   0.0000
2.2770   0.0000
2.2780   0.0000
2.2790   0.0000
2.2800   0.0000
2.2810   0.0000
2.2820   0.0000
2.2830   0.0000
2.2840   0.0000
2.2850   0.0000
2.2860   0.0000
2.2870   0.0000
2.2880   0.0000
2.2890   0.0000
2.2900   0.0000
2.2910   0.0000
2.2920   0.0000
2.2930   0.0000
2.2940   0.0000
2.2950   0.0000
2.2960   0.0000
2.2970   0.0000
2.2980   0.0000
2.2990   0.0000
2.3000   0.0000
2.3010   0.0000
2.3020   0.0000
2.3030   0.0000
2.3040   0.0000
2.3050   0.0000
2.3060   0.0000
2.3070   0.0000
2.3080   0.0000
2.3090   0.0000
2.3100   0.0000
2.3110   0.0000
2.3120   0.0000
2.3130   0.0000
2.3140   0.0000
2.3150   0.0000
2.3160   0.0000
2.3170   0.0000
2.3180   0.0000
2.3190   0.0000
2.3200   0.0000
2.3210   0.0000
2.3220   0.0000
2.3230   0.0000
2.3240   0.0000
2.3250   0.0000
2.3260   0.0000
2.3270   0.0000
2.3280   0.0000
2.3290   0.0000
2.3300   0.0000
2.3310   0.0000
2.3320   0.0000
2.3330   0.0000
2.3340   0.0000
2.3350   0.0000
2.3360   0.0000
2.3370   0.0000
2.3380   0.0000
2.3390   0.0000
2.3400   0.0000
2.3410   0.0000
2.3420   0.0000
2.3430   0.0000
2.3440   0.0000
2.3450   0.0000
2.3460   0.0000
2.3470   0.0000
2.3480   0.0000
2.3490   0.0000
2.3500   0.0000
2.3510   0.0000
2.3520   0.0000
2.3530   0.0000
2.3540   0.0000
2.3550   0.0000
2.3560   0.0000
2.3570   0.0000
2.3580   0.0001
2.3590   0.0001
2.3600   0.0001
2.3610   0.0001
2.3620   0.0001
2.3630   0.0002
2.3640   0.0002
2.3650   0.0003
2.3660   0.0004
2.3670   0.0005
2.3680   0.0006
2.3690   0.0007
2.3700   0.0009
2.3710   0.0011
2.3720   0.0014
2.3730   0.0017
2.3740   0.0021
2.3750   0.0027
2.3760   0.0033
2.3770   0.0040
2.3780   0.0049
2.3790   0.0061
2.3800   0.0074
2.3810   0.0090
2.3820   0.0109
2.3830   0.0133
2.3840   0.0160
2.3850   0.0194
2.3860   0.0233
2.3870   0.0280
2.3880   0.0335
2.3890   0.0400
2.3900   0.0476
2.3910   0.0566
2.3920   0.0671
2.3930   0.0793
2.3940   0.0935
2.3950   0.1100
2.3960   0.1291
2.3970   0.1511
2.3980   0.1764
2.3990   0.2055
2.4000   0.2388
2.4010   0.2767
2.4020   0.3199
2.4030   0.3689
2.4040   0.4243
2.4050   0.4869
2.4060   0.5573
2.4070   0.6362
2.4080   0.7245
2.4090   0.8231
2.4100   0.9326
2.4110   1.0542
2.4120   1.1886
2.4130   1.3368
2.4140   1.4997
2.4150   1.6783
2.4160   1.8734
2.4170   2.0860
2.4180   2.3170
2.4190   2.5671
2.4200   2.8371
2.4210   3.1276
2.4220   3.4393
2.4230   3.7726
2.4240   4.1279
2.4250   4.5054
2.4260   4.9051
2.4270   5.3269
2.4280   5.7706
2.4290   6.2356
2.4300   6.7212
2.4310   7.2266
2.4320   7.7506
2.4330   8.2918
2.4340   8.8487
2.4350   9.4194
2.4360   10.0019
2.4370   10.5938
2.4380   11.1928
2.4390   11.7961
2.4400   12.4009
2.4410   13.0042
2.4420   13.6027
2.4430   14.1933
2.4440   14.7726
2.4450   15.3371
2.4460   15.8834
2.4470   16.4080
2.4480   16.9077
2.4490   17.3792
2.4500   17.8191
2.4510   18.2246
2.4520   18.5928
2.4530   18.9210
2.4540   19.2069
2.4550   19.4485
2.4560   19.6440
2.4570   19.7919
2.4580   19.8911
2.4590   19.9409
2.4600   19.9409
2.4610   19.8911
2.4620   19.7919
2.4630   19.6440
2.4640   19.4485
2.4650   19.2069
2.4660   18.9210
2.4670   18.5928
2.4680   18.2246
2.4690   17.8191
2.4700   17.3792
2.4710   16.9077
2.4720   16.4080
2.4730   15.8834
2.4740   15.3371
2.4750   14.7726
2.4760   14.1933
2.4770   13.6027
2.4780   13.0042
2.4790   12.4009
2.4800   11.7961
2.4810   11.1928
2.4820   10.5938
2.4830   10.0019
2.4840   9.4194
2.4850   8.8487
2.4860   8.2918
2.4870   7.7506
2.4880   7.2266
2.4890   6.7212
2.4900   6.2356
2.4910   5.7706
2.4920   5.3269
2.4930   4.9051
2.4940   4.5054
2.4950   4.1279
2.4960   3.7726
2.4970   3.4393
2.4980   3.1276
2.4990   2.8371
2.5000   2.5671
2.5010   2.3170
2.5020   2.0860
2.5030   1.8734
2.5040   1.6783
2.5050   1.4997
2.5060   1.3368
2.5070   1.1886
2.5080   1.0542
2.5090   0.9326
2.5100   0.8231
2.5110   0.7245
2.5120   0.6362
2.5130   0.5573
2.5140   0.4869
2.5150   0.4243
2.5160   0.3689
2.5170   0.3199
2.5180   0.2767
2.5190   0.2388
2.5200   0.2055
2.5210   0.1764
2.5220   0.1511
2.5230   0.1291
2.5240   0.1100
2.5250   0.0935
2.5260   0.0793
2.5270   0.0671
2.5280   0.0566
2.5290   0.0476
2.5300   0.0400
2.5310   0.0335
2.5320   0.0280
2.5330   0.0233
2.5340   0.0194
2.5350   0.0160
2.5360   0.0133
2.5370   0.0109
2.5380   0.0090
2.5390   0.0074
2.5400   0.0061
2.5410   0.0049
2.5420   0.0040
2.5430   0.0033
2.5440   0.0027
2.5450   0.0021
2.5460   0.0017
2.5470   0.0014
2.5480   0.0011
2.5490   0.0009
2.5500   0.0007
2.5510   0.0006
2.5520   0.0005
2.5530   0.0004
2.5540   0.0003
2.5550   0.0002
2.5560   0.0002
2.5570   0.0001
2.5580   0.0001
2.5590   0.0001
2.5600   0.0001
2.5610   0.0001
2.5620   0.0000
2.5630   0.0000
2.5640   0.0000
2.5650   0.0000
2.5660   0.0000
2.5670   0.0000
2.5680   0.0000
2.5690   0.0000
2.5700   0.0000
2.5710   0.0000
2.5720   0.0000
2.5730   0.0000
2.5740   0.0000
2.5750   0.0000
2.5760   0.0000
2.5770   0.0000
2.5780   0.0000
2.5790   0.0000
2.5800   0.0000
2.5810   0.0000
2.5820   0.0000
2.5830   0.0000
2.5840   0.0000
2.5850   0.0000
2.5860   0.0000
2.5870   0.0000
2.5880   0.0000
2.5890   0.0000
2.5900   0.0000
2.5910   0.0000
2.5920   0.0000
2.5930   0.0000
2.5940   0.0000
2.5950   0.0000
2.5960   0.0000
2.5970   0.0000
2.5980   0.0000
2.5990   0.0000
2.6000   0.0000
2.6010   0.0000
2.6020   0.0000
2.6030   0.0000
2.6040   0.0000
2.6050   0.0000
2.6060   0.0000
2.6070   0.0000
2.6080   0.0000
2.6090   0.0000
2.6100   0.0000
2.6110   0.0000
2.6120   0.0000
2.6130   0.0000
2.6140   0.0000
2.6150   0.0000
2.6160   0.0000
2.6170   0.0000
2.6180   0.0000
2.6190   0.0000
2.6200   0.0000
2.6210   0.0000
2.6220   0.0000
2.6230   0.0000
2.6240   0.0000
2.6250   0.0000
2.6260   0.0000
2.6270   0.0000
2.6280   0.0000
2.6290   0.0000
2.6300   0.0000
2.6310   0.0000
2.6320   0.0000
2.6330   0.0000
2.6340   0.0000
2.6350   0.0000
2.6360   0.0000
2.6370   0.0000
2.6380   0.0000
2.6390   0.0000
2.6400   0.0000
2.6410   0.0000
2.6420   0.0000
2.6430   0.0000
2.6440   0.0000
2.6450   0.0000
2.6460   0.0000
2.6470   0.0000
2.6480   0.0000
2.6490   0.0000
2.6500   0.0000
2.6510   0.0000
2.6520   0.0000
2.6530   0.0000
2.6540   0.0000
2.6550   0.0000
2.6560   0.0000
2.6570   0.0000
2.6580   0.0000
2.6590   0.0000
2.6600   0.0000
2.6610   0.0000
2.6620   0.0000
2.6630   0.0000
2.6640   0.0000
2.6650   0.0000
2.6660   0.0000
2.6670   0.0000
2.6680   0.0000
2.6690   0.0000
2.6700   0.0000
2.6710   0.0000
2.6720   0.0000
2.6730   0.0000
2.6740   0.0000
2.6750   0.0000
2.6760   0.0000
2.6770   0.0000
2.6780   0.0000
2.6790   0.0000
2.6800   0.0000
2.6810   0.0000
2.6820   0.0000
2.6830   0.0000
2.6840   0.0000
2.6850   0.0000
2.6860   0.0000
2.6870   0.0000
2.6880   0.0000
2.6890   0.0000
2.6900   0.0000
2.6910   0.0000
2.6920   0.0000
2.6930   0.0000
2.6940   0.0000
2.6950   0.0000
2.6960   0.0000
2.6970   0.0000
2.6980   0.0000
2.6990   0.0000
2.7000   0.0000
2.7010   0.0000
2.7020   0.0000
2.7030   0.0000
2.7040   0.0000
2.7050   0.0000
2.7060   0.0000
2.7070   0.0000
2.7080   0.0000
2.7090   0.0000
2.7100   0.0000
2.7110   0.0000
2.7120   0.0000
2.7130   0.0000
2.7140   0.0000
2.7150   0.0000
2.7160   0.0000
2.7170   0.0000
2.7180   0.0000
2.7190   0.0000
2.7200   0.0000
2.7210   0.0000
2.7220   0.0000
2.7230   0.0000
2.7240   0.0000
2.7250   0.0000
2.7260   0.0000
2.7270   0.0000
2.7280   0.0000
2.7290   0.0000
2.7300   0.0000
2.7310   0.0000
2.7320   0.0000
2.7330   0.0000
2.7340   0.0000
2.7350   0.0000
2.7360   0.0000
2.7370   0.0000
2.7380   0.0000
2.7390   0.0000
2.7400   0.0000
2.7410   0.0000
2.7420   0.0000
2.7430   0.0000
2.7440   0.0000
2.7450   0.0000
2.7460   0.0000
2.7470   0.0000
2.7480   0.0000
2.7490   0.0000
2.7500   0.0000
2.7510   0.0000
2.7520   0.0000
2.7530   0.0000
2.7540   0.0000
2.7550   0.0000
2.7560   0.0000
2.7570   0.0000
2.7580   0.0000
2.7590   0.0000
2.7600   0.0000
2.7610   0.0000
2.7620   0.0000
2.7630   0.0000
2.7640   0.0000
2.7650   0.0000
2.7660   0.0000
2.7670   0.0000
2.7680   0.0000
2.7690   0.0000
2.7700   0.0000
2.7710   0.0000
2.7720   0.0000
2.7730   0.0000
2.7740   0.0000
2.7750   0.0000
2.7760   0.0000
2.7770   0.0000
2.7780   0.0000
2.7790   0.0000
2.7800   0.0000
2.7810   0.0000
2.7820   0.0000
2.7830   0.0000
2.7840   0.0000
2.7850   0.0000
2.7860   0.0000
2.7870   0.0000
2.7880   0.0000
2.7890   0.0000
2.7900   0.0000
2.7910   0.0000
2.7920   0.0000
2.7930   0.0000
2.7940   0.0000
2.7950   0.0000
2.7960   0.0000
2.7970   0.0000
2.7980   0.0000
2.7990   0.0000
2.8000   0.0000
2.8010   0.0000
2.8020   0.0000
2.8030   0.0000
2.8040   0.0000
2.8050   0.0000
2.8060   0.0000
2.8070   0.0000
2.8080   0.0000
2.8090   0.0000
2.8100   0.0000
2.8110   0.0000
2.8120   0.0000
2.8130   0.0000
2.8140   0.0000
2.8150   0.0000
2.8160   0.0000
2.8170   0.0000
2.8180   0.0000
2.8190   0.0000
2.8200   0.0000
2.8210   0.0000
2.8220   0.0000
2.8230   0.0000
2.8240   0.0000
2.8250   0.0000
2.8260   0.0000
2.8270   0.0000
2.8280   0.0000
2.8290   0.0000
2.8300   0.0000
2.8310   0.0000
2.8320   0.0000
2.8330   0.0000
2.8340   0.0000
2.8350   0.0000
2.8360   0.0000
2.8370   0.0000
2.8380   0.0000
2.8390   0.0000
2.8400   0.0000
2.8410   0.0000
2.8420   0.0000
2.8430   0.0000
2.8440   0.0000
2.8450   0.0000
2.8460   0.0000
2.8470   0.0000
2.8480   0.0000
2.8490   0.0000
2.8500   0.0000
2.8510   0.0000
2.8520   0.0000
2.8530   0.0000
2.8540   0.0000
2.8550   0.0000
2.8560   0.0000
2.8570   0.0000
2.8580   0.0000
2.8590   0.0000
2.8600   0.0000
2.8610   0.0000
2.8620   0.0000
2.8630   0.0000
2.8640   0.0000
2.8650   0.0000
2.8660   0.0000
2.8670   0.0000
2.8680   0.0000
2.8690   0.0000
2.8700   0.0000
2.8710   0.0000
2.8720   0.0000
2.8730   0.0000
2.8740   0.0000
2.8750   0.0000
2.8760   0.0000
2.8770   0.0000
2.8780   0.0000
2.8790   0.0000
2.8800   0.0000
2.8810   0.0000
2.8820   0.0000
2.8830   0.0000
2.8840   0.0000
2.8850   0.0000
2.8860   0.0000
2.8870   0.0000
2.8880   0.0000
2.8890   0.0000
2.8900   0.0000
2.8910   0.0000
2.8920   0.0000
2.8930   0.0000
2.8940   0.0000
2.8950   0.0000
2.8960   0.0000
2.8970   0.0000
2.8980   0.0000
2.8990   0.0000
2.9000   0.0000
